100
13 52 1
11 60 1
57 96 1
88 97 1
46 88 1
13 43 1
65 83 1
30 83 1
8 92 1
5 12 1
35 89 1
29 75 1
27 70 1
49 67 1
38 90 1
46 96 1
10 61 1
12 83 1
51 61 1
46 99 1
61 96 1
48 63 1
43 58 1
40 49 1
73 78 1
84 97 1
36 86 1
30 45 1
44 65 1
2 83 1
18 28 1
23 59 1
65 71 1
13 29 1
37 58 1
7 75 1
37 75 1
2 50 1
63 90 1
17 76 1
9 61 1
13 68 1
42 100 1
31 40 1
40 60 1
21 36 1
54 81 1
70 95 1
22 53 1
53 91 1
57 85 1
8 40 1
25 53 1
14 32 1
49 57 1
14 43 1
10 39 1
53 60 1
10 87 1
19 85 1
35 80 1
37 88 1
62 88 1
13 60 1
36 63 1
82 85 1
58 73 1
68 71 1
49 59 1
37 72 1
54 75 1
1 56 1
19 68 1
38 57 1
14 91 1
43 71 1
2 17 1
1 61 1
46 60 1
43 92 1
8 71 1
7 96 1
5 17 1
19 38 1
64 93 1
43 47 1
37 93 1
6 100 1
46 95 1
31 45 1
50 64 1
44 72 1
24 57 1
9 26 1
12 58 1
9 90 1
55 87 1
42 97 1
83 98 1
14 64 1
58 79 1
74 82 1
45 91 1
66 97 1
39 43 1
11 82 1
39 64 1
19 31 1
12 87 1
19 30 1
31 78 1
7 99 1
31 39 1
39 50 1
32 50 1
4 44 1
1 21 1
24 85 1
90 100 1
16 64 1
47 53 1
3 45 1
64 98 1
94 97 1
57 72 1
38 44 1
24 44 1
7 58 1
8 98 1
68 100 1
14 88 1
31 77 1
56 81 1
46 67 1
1 89 1
24 97 1
98 100 1
4 84 1
33 83 1
78 83 1
5 100 1
7 68 1
28 56 1
60 69 1
25 38 1
22 57 1
63 83 1
21 91 1
33 61 1
49 72 1
42 57 1
33 58 1
46 78 1
20 70 1
79 89 1
16 96 1
28 33 1
42 67 1
9 37 1
12 44 1
38 97 1
23 88 1
25 93 1
42 77 1
2 92 1
43 70 1
66 83 1
10 15 1
3 6 1
62 72 1
6 81 1
12 42 1
53 96 1
35 76 1
20 90 1
33 88 1
11 47 1
1 27 1
63 94 1
23 43 1
33 38 1
63 67 1
66 73 1
70 89 1
66 82 1
52 79 1
27 40 1
11 30 1
1 63 1
35 73 1
12 97 1
61 62 1
34 91 1
52 85 1
2 95 1
47 89 1
9 56 1
40 88 1
40 81 1
78 86 1
15 35 1
43 91 1
35 44 1
73 98 1
52 96 1
10 28 1
50 57 1
86 89 1
33 85 1
75 100 1
12 84 1
82 91 1
79 88 1
36 78 1
51 84 1
34 35 1
3 43 1
25 83 1
18 69 1
20 76 1
29 52 1
5 41 1
15 57 1
29 45 1
57 73 1
12 79 1
26 34 1
72 89 1
6 10 1
62 78 1
6 49 1
47 64 1
6 68 1
12 51 1
42 54 1
77 88 1
41 100 1
22 40 1
31 76 1
31 58 1
62 74 1
60 66 1
56 93 1
4 76 1
27 91 1
80 96 1
52 86 1
82 86 1
9 72 1
44 78 1
62 97 1
49 50 1
14 44 1
16 43 1
44 83 1
45 83 1
13 66 1
35 78 1
72 88 1
65 88 1
2 97 1
19 89 1
34 78 1
31 73 1
18 42 1
71 92 1
54 88 1
77 83 1
20 64 1
83 100 1
41 89 1
16 46 1
14 74 1
17 100 1
42 50 1
26 38 1
40 53 1
95 97 1
3 27 1
64 95 1
50 54 1
75 78 1
7 92 1
13 70 1
10 24 1
36 38 1
84 90 1
63 82 1
32 88 1
24 78 1
59 85 1
20 80 1
23 58 1
57 75 1
74 84 1
59 78 1
10 23 1
36 85 1
60 62 1
25 82 1
28 63 1
5 65 1
14 20 1
44 70 1
4 67 1
50 63 1
39 44 1
12 89 1
13 41 1
17 39 1
3 66 1
6 19 1
54 89 1
56 74 1
39 76 1
10 44 1
41 81 1
40 66 1
39 58 1
44 97 1
33 64 1
14 55 1
23 73 1
13 74 1
46 47 1
7 37 1
10 80 1
8 79 1
23 48 1
48 58 1
9 51 1
33 63 1
19 100 1
14 94 1
30 64 1
24 65 1
82 93 1
1 71 1
4 69 1
43 54 1
38 94 1
11 89 1
68 80 1
22 44 1
6 35 1
21 70 1
36 94 1
59 73 1
2 57 1
5 80 1
20 46 1
36 48 1
30 39 1
2 39 1
67 85 1
24 96 1
64 90 1
51 66 1
32 72 1
30 48 1
38 47 1
76 89 1
35 83 1
62 75 1
44 96 1
86 91 1
18 38 1
39 52 1
44 89 1
14 63 1
7 95 1
17 49 1
6 70 1
20 48 1
66 90 1
20 40 1
2 82 1
33 91 1
18 92 1
87 92 1
36 51 1
19 63 1
42 70 1
26 31 1
41 53 1
40 84 1
10 49 1
22 83 1
62 80 1
44 68 1
61 83 1
25 76 1
95 98 1
57 68 1
34 46 1
10 59 1
33 86 1
36 55 1
22 52 1
29 38 1
43 46 1
27 89 1
40 97 1
26 48 1
33 68 1
93 94 1
82 99 1
68 86 1
37 60 1
1 4 1
66 93 1
50 79 1
20 39 1
3 87 1
16 71 1
35 71 1
26 77 1
17 99 1
24 60 1
64 66 1
42 65 1
80 92 1
41 55 1
46 61 1
63 84 1
8 69 1
38 66 1
31 75 1
3 57 1
38 81 1
53 73 1
1 39 1
17 80 1
31 81 1
38 70 1
89 92 1
44 62 1
10 98 1
18 46 1
40 45 1
50 86 1
12 62 1
9 93 1
92 95 1
34 55 1
1 22 1
7 27 1
37 86 1
66 75 1
30 60 1
9 81 1
27 66 1
12 88 1
14 100 1
63 96 1
48 66 1
44 88 1
50 83 1
7 60 1
9 59 1
32 53 1
50 82 1
49 61 1
65 99 1
8 96 1
38 53 1
28 48 1
90 93 1
30 99 1
23 77 1
36 91 1
42 62 1
65 85 1
43 83 1
80 97 1
29 58 1
44 86 1
71 75 1
24 42 1
14 19 1
20 21 1
4 93 1
80 89 1
25 61 1
88 90 1
72 92 1
66 80 1
52 91 1
28 64 1
64 84 1
9 69 1
9 76 1
21 41 1
60 63 1
53 58 1
27 59 1
25 62 1
13 97 1
36 58 1
24 37 1
47 80 1
57 90 1
17 86 1
22 59 1
29 30 1
60 99 1
5 31 1
50 66 1
75 85 1
37 87 1
17 54 1
35 98 1
86 93 1
56 68 1
47 96 1
1 8 1
3 61 1
27 78 1
3 36 1
21 35 1
18 44 1
40 86 1
1 12 1
68 76 1
87 100 1
59 90 1
17 40 1
34 49 1
1 38 1
39 86 1
66 94 1
53 98 1
20 37 1
21 55 1
2 33 1
32 84 1
19 20 1
65 67 1
21 83 1
14 97 1
74 80 1
14 84 1
5 18 1
46 68 1
29 57 1
56 90 1
14 98 1
41 95 1
26 33 1
53 79 1
6 22 1
54 64 1
26 93 1
80 100 1
21 95 1
5 87 1
21 63 1
34 38 1
40 73 1
7 62 1
50 80 1
15 50 1
34 53 1
8 21 1
20 44 1
7 36 1
36 56 1
52 89 1
44 71 1
35 59 1
22 84 1
9 19 1
21 47 1
54 83 1
6 75 1
11 76 1
1 84 1
93 99 1
7 52 1
4 42 1
80 98 1
2 72 1
51 60 1
6 55 1
39 68 1
33 99 1
20 32 1
33 74 1
71 82 1
39 77 1
16 99 1
37 55 1
3 68 1
39 96 1
61 95 1
14 57 1
17 19 1
7 79 1
29 84 1
66 77 1
51 72 1
30 35 1
60 79 1
50 98 1
70 98 1
35 42 1
59 99 1
57 94 1
16 31 1
50 90 1
52 80 1
2 58 1
6 37 1
35 90 1
53 57 1
1 42 1
35 65 1
16 30 1
3 56 1
57 59 1
44 69 1
24 56 1
4 82 1
31 50 1
38 69 1
24 45 1
31 97 1
43 69 1
48 96 1
88 99 1
79 99 1
4 5 1
49 84 1
39 49 1
7 97 1
10 73 1
9 73 1
3 41 1
18 71 1
26 83 1
27 46 1
35 40 1
6 30 1
74 86 1
39 61 1
47 71 1
26 50 1
3 52 1
51 74 1
64 69 1
30 97 1
34 37 1
18 67 1
98 99 1
48 92 1
20 93 1
13 95 1
14 75 1
13 23 1
47 82 1
31 53 1
8 64 1
23 51 1
33 65 1
43 72 1
24 52 1
77 79 1
3 34 1
56 100 1
6 18 1
26 35 1
83 85 1
50 55 1
33 52 1
39 100 1
63 73 1
16 86 1
5 38 1
24 84 1
15 68 1
11 98 1
39 70 1
28 84 1
5 23 1
4 55 1
3 95 1
28 97 1
35 74 1
44 60 1
44 50 1
1 75 1
67 83 1
9 41 1
9 45 1
69 78 1
92 96 1
1 30 1
89 95 1
22 25 1
39 56 1
2 98 1
34 73 1
75 77 1
24 77 1
32 93 1
30 70 1
19 37 1
38 62 1
19 24 1
31 33 1
79 94 1
19 57 1
70 82 1
32 94 1
10 85 1
62 71 1
75 87 1
12 36 1
2 91 1
15 56 1
29 83 1
67 74 1
70 94 1
9 21 1
32 86 1
3 49 1
31 36 1
35 55 1
47 59 1
11 40 1
37 61 1
21 45 1
8 13 1
24 64 1
77 89 1
9 39 1
61 87 1
69 75 1
12 26 1
17 79 1
46 58 1
71 96 1
17 33 1
14 21 1
5 7 1
36 75 1
36 88 1
6 48 1
58 94 1
73 95 1
73 83 1
8 86 1
70 84 1
70 74 1
11 69 1
70 100 1
22 51 1
33 36 1
10 71 1
5 83 1
27 51 1
21 34 1
28 31 1
21 58 1
69 88 1
61 88 1
48 77 1
45 51 1
20 74 1
21 40 1
68 84 1
77 98 1
15 58 1
15 83 1
72 75 1
31 82 1
31 52 1
30 95 1
6 13 1
11 42 1
28 41 1
8 15 1
29 61 1
36 77 1
5 6 1
61 63 1
24 86 1
45 81 1
69 76 1
83 97 1
79 97 1
73 75 1
54 65 1
7 8 1
20 25 1
18 51 1
55 78 1
37 54 1
33 100 1
41 43 1
90 98 1
29 62 1
42 53 1
41 48 1
26 79 1
45 79 1
16 53 1
78 79 1
9 68 1
54 61 1
26 73 1
79 93 1
31 90 1
73 87 1
68 85 1
10 50 1
31 80 1
86 96 1
63 75 1
46 49 1
84 98 1
91 92 1
5 8 1
11 13 1
4 25 1
55 86 1
45 54 1
18 50 1
12 65 1
28 49 1
9 24 1
4 91 1
71 89 1
40 54 1
53 97 1
12 94 1
8 60 1
16 40 1
57 93 1
2 93 1
21 65 1
45 94 1
2 56 1
34 81 1
14 80 1
62 94 1
3 9 1
36 45 1
8 31 1
12 75 1
12 13 1
14 54 1
49 89 1
57 69 1
27 49 1
3 48 1
86 98 1
6 86 1
15 51 1
11 25 1
44 94 1
1 2 1
73 89 1
5 77 1
81 85 1
71 95 1
67 80 1
20 97 1
36 39 1
12 39 1
15 59 1
85 92 1
41 75 1
12 98 1
38 45 1
41 51 1
5 53 1
49 86 1
7 59 1
34 60 1
12 21 1
74 94 1
43 56 1
11 15 1
78 97 1
37 76 1
47 95 1
72 79 1
94 99 1
49 52 1
25 98 1
68 99 1
11 34 1
31 34 1
19 61 1
4 22 1
23 29 1
67 95 1
62 89 1
19 36 1
4 49 1
19 22 1
35 69 1
22 77 1
19 25 1
11 12 1
35 92 1
37 94 1
63 71 1
7 18 1
48 53 1
29 85 1
42 68 1
34 99 1
33 35 1
36 43 1
24 73 1
5 24 1
46 52 1
25 90 1
17 72 1
5 10 1
27 31 1
53 93 1
24 35 1
12 81 1
6 60 1
72 82 1
22 90 1
37 98 1
57 79 1
2 18 1
12 90 1
18 81 1
39 98 1
72 100 1
67 69 1
66 87 1
78 98 1
63 86 1
27 61 1
48 65 1
30 92 1
3 4 1
32 33 1
12 61 1
24 54 1
21 51 1
63 68 1
21 89 1
42 91 1
69 97 1
21 68 1
43 67 1
28 55 1
8 74 1
58 95 1
53 80 1
38 39 1
12 34 1
28 29 1
75 93 1
55 92 1
4 96 1
66 91 1
6 40 1
28 74 1
73 77 1
16 21 1
1 17 1
3 93 1
10 84 1
10 89 1
40 93 1
36 50 1
53 65 1
4 99 1
14 89 1
35 87 1
81 86 1
64 81 1
28 43 1
2 37 1
10 36 1
11 33 1
64 76 1
19 42 1
47 99 1
19 79 1
87 90 1
57 64 1
8 80 1
43 50 1
76 98 1
33 49 1
7 65 1
29 70 1
8 57 1
24 46 1
37 69 1
23 93 1
22 81 1
23 100 1
35 66 1
9 25 1
84 86 1
50 89 1
17 94 1
2 89 1
25 91 1
18 34 1
64 75 1
21 25 1
25 73 1
9 63 1
4 63 1
51 94 1
5 14 1
54 56 1
50 100 1
63 72 1
50 93 1
4 31 1
36 87 1
28 88 1
56 82 1
45 65 1
31 63 1
25 50 1
63 66 1
2 63 1
6 66 1
50 87 1
77 97 1
32 95 1
83 89 1
21 44 1
18 41 1
24 58 1
3 38 1
31 91 1
2 87 1
39 51 1
1 10 1
35 99 1
4 88 1
47 69 1
49 92 1
25 45 1
53 56 1
32 78 1
12 40 1
44 51 1
40 41 1
10 68 1
30 100 1
22 33 1
8 58 1
74 85 1
26 54 1
7 64 1
49 93 1
24 43 1
5 91 1
8 38 1
26 32 1
52 90 1
26 99 1
42 49 1
46 77 1
73 92 1
2 54 1
77 93 1
29 67 1
64 74 1
51 87 1
17 70 1
2 25 1
11 64 1
12 80 1
77 92 1
7 33 1
2 55 1
18 49 1
9 92 1
58 90 1
88 98 1
68 73 1
10 54 1
20 36 1
13 47 1
42 90 1
65 69 1
4 26 1
19 48 1
40 59 1
54 72 1
8 91 1
26 90 1
15 72 1
5 85 1
7 38 1
40 96 1
46 100 1
18 66 1
55 72 1
38 46 1
6 45 1
39 83 1
40 52 1
30 84 1
8 27 1
16 48 1
11 95 1
6 42 1
2 45 1
19 71 1
34 93 1
52 59 1
44 52 1
54 99 1
14 41 1
9 22 1
51 69 1
72 96 1
10 64 1
52 66 1
57 91 1
18 29 1
61 64 1
68 88 1
23 52 1
13 72 1
6 27 1
26 60 1
38 51 1
35 93 1
73 79 1
16 55 1
81 97 1
5 71 1
84 100 1
85 88 1
52 53 1
39 93 1
52 81 1
16 20 1
45 88 1
41 77 1
6 67 1
31 56 1
29 35 1
15 61 1
53 59 1
9 57 1
58 69 1
42 87 1
11 62 1
27 98 1
5 26 1
66 96 1
27 71 1
77 82 1
79 80 1
23 68 1
36 40 1
53 72 1
76 92 1
86 100 1
11 26 1
4 17 1
71 74 1
1 94 1
29 65 1
27 47 1
38 56 1
26 92 1
41 91 1
22 35 1
54 85 1
19 83 1
11 45 1
39 66 1
33 72 1
11 50 1
51 90 1
10 74 1
6 36 1
50 97 1
12 64 1
14 16 1
1 95 1
79 96 1
75 98 1
58 65 1
27 64 1
8 78 1
27 58 1
27 48 1
90 94 1
49 51 1
17 26 1
18 21 1
59 97 1
7 94 1
63 97 1
43 75 1
14 99 1
18 91 1
53 70 1
73 84 1
17 36 1
25 31 1
84 92 1
22 49 1
17 74 1
23 75 1
3 47 1
35 63 1
7 71 1
32 69 1
10 46 1
62 90 1
21 79 1
21 60 1
87 97 1
22 68 1
10 42 1
6 99 1
42 82 1
44 56 1
34 61 1
3 50 1
11 16 1
91 100 1
44 67 1
13 49 1
3 72 1
10 14 1
52 82 1
30 87 1
8 46 1
18 96 1
7 35 1
69 74 1
43 86 1
35 60 1
48 50 1
3 74 1
64 71 1
36 62 1
24 50 1
21 23 1
22 92 1
8 84 1
33 46 1
14 47 1
3 5 1
34 48 1
9 28 1
7 48 1
36 46 1
2 23 1
38 92 1
2 90 1
15 43 1
13 75 1
29 86 1
29 31 1
76 77 1
39 46 1
17 90 1
22 56 1
22 36 1
4 41 1
67 91 1
4 23 1
50 68 1
31 98 1
55 79 1
12 53 1
36 72 1
4 60 1
59 86 1
3 37 1
30 89 1
7 89 1
17 43 1
1 13 1
35 85 1
47 55 1
31 74 1
46 53 1
12 85 1
19 80 1
4 11 1
75 91 1
34 86 1
32 75 1
4 68 1
43 96 1
12 41 1
9 43 1
30 56 1
58 96 1
55 60 1
32 56 1
27 53 1
11 74 1
59 94 1
18 27 1
35 97 1
3 85 1
58 60 1
13 17 1
64 67 1
30 37 1
12 56 1
19 41 1
36 80 1
81 100 1
11 17 1
90 99 1
59 68 1
42 52 1
6 73 1
61 86 1
46 70 1
11 77 1
44 84 1
59 79 1
70 73 1
85 97 1
31 38 1
29 53 1
23 85 1
75 96 1
36 66 1
16 59 1
55 80 1
17 58 1
37 65 1
1 44 1
25 72 1
76 78 1
10 48 1
72 91 1
68 94 1
50 75 1
70 83 1
33 44 1
73 96 1
15 100 1
36 76 1
49 70 1
27 93 1
8 53 1
96 100 1
21 81 1
9 38 1
11 28 1
62 69 1
48 54 1
32 65 1
71 83 1
7 16 1
22 62 1
41 82 1
67 93 1
42 60 1
89 100 1
4 73 1
20 98 1
4 16 1
81 83 1
33 42 1
52 83 1
67 79 1
49 66 1
38 59 1
46 79 1
60 87 1
19 51 1
43 44 1
41 54 1
41 72 1
12 55 1
5 48 1
43 77 1
9 85 1
73 76 1
79 95 1
42 88 1
32 99 1
68 75 1
18 74 1
37 68 1
24 28 1
55 67 1
32 68 1
75 97 1
1 58 1
39 69 1
44 45 1
7 80 1
63 92 1
2 42 1
33 57 1
33 50 1
8 34 1
13 26 1
27 67 1
30 40 1
31 41 1
19 73 1
4 47 1
1 47 1
48 80 1
52 67 1
1 91 1
24 81 1
26 27 1
8 88 1
43 49 1
33 55 1
32 77 1
37 89 1
9 77 1
9 75 1
67 68 1
28 47 1
30 73 1
27 88 1
46 80 1
13 59 1
43 62 1
91 96 1
68 91 1
12 92 1
51 55 1
9 98 1
28 71 1
37 71 1
12 33 1
40 78 1
5 92 1
37 95 1
4 28 1
43 66 1
42 83 1
87 95 1
89 93 1
37 57 1
54 71 1
75 88 1
29 93 1
4 46 1
37 63 1
43 57 1
30 43 1
52 98 1
23 64 1
10 81 1
18 84 1
20 42 1
16 35 1
75 82 1
38 100 1
40 82 1
84 93 1
70 92 1
3 53 1
60 64 1
35 50 1
56 73 1
10 91 1
56 60 1
25 86 1
47 92 1
69 83 1
7 46 1
64 78 1
13 20 1
57 77 1
63 89 1
8 100 1
34 40 1
20 29 1
32 36 1
31 43 1
16 89 1
4 75 1
97 99 1
34 95 1
41 99 1
31 46 1
67 77 1
2 24 1
74 76 1
2 22 1
1 99 1
10 100 1
9 83 1
18 76 1
61 99 1
28 100 1
3 100 1
30 55 1
51 93 1
2 62 1
22 54 1
19 69 1
5 20 1
6 43 1
5 11 1
15 78 1
43 65 1
4 94 1
16 79 1
44 54 1
30 41 1
29 69 1
3 88 1
78 80 1
37 47 1
14 86 1
8 54 1
65 91 1
2 52 1
29 88 1
11 32 1
5 44 1
15 26 1
26 88 1
25 30 1
75 95 1
3 60 1
18 24 1
6 34 1
31 69 1
36 49 1
2 34 1
71 94 1
74 100 1
32 74 1
14 72 1
14 58 1
10 45 1
19 34 1
9 95 1
7 12 1
57 99 1
34 83 1
27 30 1
22 27 1
3 71 1
4 13 1
10 40 1
6 33 1
79 90 1
62 99 1
43 78 1
62 79 1
31 32 1
3 84 1
80 91 1
30 33 1
40 44 1
26 78 1
65 95 1
21 27 1
34 56 1
14 34 1
9 65 1
18 89 1
74 88 1
36 93 1
25 68 1
71 81 1
24 100 1
27 57 1
69 73 1
39 60 1
24 36 1
84 85 1
18 20 1
1 28 1
52 78 1
36 41 1
26 45 1
24 34 1
4 48 1
43 53 1
62 76 1
44 91 1
70 76 1
40 92 1
19 99 1
37 43 1
61 97 1
40 98 1
51 86 1
59 89 1
28 58 1
16 56 1
76 85 1
2 28 1
1 55 1
34 43 1
80 83 1
76 90 1
28 75 1
34 54 1
33 81 1
3 73 1
46 86 1
43 48 1
44 53 1
25 54 1
5 46 1
41 42 1
86 87 1
26 44 1
53 87 1
79 85 1
10 92 1
13 84 1
33 67 1
13 31 1
5 73 1
7 53 1
4 53 1
18 36 1
13 21 1
91 95 1
55 89 1
2 66 1
9 100 1
26 96 1
26 75 1
46 73 1
35 56 1
31 67 1
34 63 1
60 86 1
25 79 1
27 81 1
27 60 1
3 15 1
20 57 1
47 56 1
54 58 1
92 94 1
38 75 1
4 95 1
7 41 1
66 81 1
47 94 1
37 49 1
32 48 1
53 82 1
74 95 1
47 76 1
22 91 1
9 60 1
21 52 1
73 80 1
51 100 1
27 75 1
91 93 1
11 24 1
75 99 1
25 67 1
12 32 1
64 94 1
1 67 1
57 78 1
28 89 1
11 43 1
25 69 1
8 32 1
23 67 1
26 98 1
33 47 1
10 96 1
59 93 1
20 53 1
18 68 1
11 83 1
4 81 1
44 90 1
28 62 1
43 59 1
37 50 1
1 36 1
56 65 1
5 96 1
60 77 1
33 79 1
20 77 1
32 96 1
32 57 1
46 89 1
34 71 1
74 77 1
92 100 1
15 82 1
17 29 1
55 58 1
51 58 1
25 75 1
36 54 1
27 76 1
53 64 1
21 88 1
38 76 1
29 90 1
44 95 1
19 75 1
81 89 1
71 90 1
59 76 1
29 41 1
25 64 1
30 86 1
61 98 1
50 85 1
44 85 1
55 57 1
1 31 1
13 77 1
79 86 1
27 99 1
15 87 1
24 61 1
77 78 1
48 83 1
20 95 1
71 77 1
8 37 1
7 76 1
13 79 1
32 58 1
9 13 1
11 79 1
13 53 1
55 75 1
76 86 1
21 32 1
42 75 1
63 88 1
45 89 1
2 94 1
37 78 1
10 25 1
19 95 1
16 70 1
18 52 1
42 63 1
17 57 1
40 48 1
7 40 1
4 83 1
24 98 1
36 37 1
21 56 1
43 98 1
62 93 1
6 97 1
86 94 1
18 57 1
4 89 1
30 98 1
31 79 1
51 77 1
18 25 1
16 22 1
44 98 1
21 75 1
45 76 1
24 62 1
22 32 1
37 67 1
51 73 1
55 95 1
77 99 1
58 74 1
3 19 1
23 62 1
13 16 1
8 14 1
3 51 1
36 65 1
9 10 1
58 75 1
44 82 1
17 78 1
86 90 1
1 40 1
20 63 1
40 99 1
26 71 1
45 84 1
46 94 1
50 96 1
69 98 1
9 27 1
13 88 1
16 51 1
56 85 1
4 38 1
35 94 1
35 39 1
27 80 1
9 29 1
8 22 1
24 59 1
34 62 1
34 74 1
91 94 1
27 56 1
9 31 1
19 58 1
70 97 1
4 97 1
30 90 1
36 74 1
4 80 1
2 100 1
49 96 1
11 71 1
15 38 1
40 71 1
18 98 1
7 21 1
42 58 1
41 46 1
40 70 1
20 71 1
18 63 1
48 86 1
66 78 1
1 73 1
11 87 1
82 100 1
54 90 1
13 96 1
45 70 1
29 79 1
22 29 1
35 64 1
2 51 1
49 90 1
25 42 1
50 53 1
23 42 1
88 89 1
34 59 1
58 71 1
12 77 1
55 99 1
34 50 1
23 90 1
87 88 1
83 94 1
48 78 1
66 69 1
27 94 1
7 81 1
56 72 1
84 94 1
14 22 1
13 36 1
35 77 1
36 60 1
22 93 1
62 64 1
12 54 1
39 62 1
28 78 1
2 35 1
11 80 1
28 59 1
81 92 1
8 36 1
7 11 1
33 73 1
18 23 1
43 82 1
13 83 1
12 17 1
14 31 1
61 73 1
17 97 1
43 100 1
31 84 1
2 75 1
69 91 1
33 76 1
21 24 1
60 65 1
1 11 1
60 91 1
19 60 1
48 67 1
6 52 1
30 71 1
75 94 1
65 89 1
5 42 1
6 20 1
27 44 1
65 87 1
2 4 1
12 52 1
24 33 1
29 74 1
32 81 1
15 98 1
3 78 1
2 69 1
35 88 1
14 81 1
2 71 1
25 81 1
76 81 1
47 77 1
62 63 1
5 45 1
43 60 1
13 81 1
15 62 1
22 73 1
8 55 1
26 53 1
67 96 1
13 92 1
81 96 1
70 85 1
15 96 1
67 76 1
7 45 1
40 89 1
41 56 1
2 29 1
67 97 1
45 93 1
3 31 1
8 77 1
29 63 1
1 54 1
19 96 1
58 87 1
32 89 1
3 67 1
16 65 1
21 73 1
82 90 1
69 87 1
51 52 1
35 58 1
15 71 1
51 95 1
33 70 1
60 83 1
38 50 1
16 45 1
45 67 1
60 95 1
60 98 1
32 80 1
19 54 1
12 14 1
35 96 1
2 44 1
27 84 1
7 23 1
23 57 1
83 96 1
12 69 1
41 66 1
84 88 1
74 93 1
59 60 1
3 20 1
5 76 1
28 54 1
77 94 1
40 51 1
5 35 1
61 69 1
77 96 1
6 56 1
39 67 1
28 85 1
8 16 1
30 46 1
1 59 1
58 97 1
78 100 1
5 82 1
55 93 1
58 91 1
16 69 1
42 81 1
73 91 1
33 75 1
69 99 1
48 87 1
60 78 1
60 75 1
5 95 1
13 86 1
18 56 1
65 97 1
11 57 1
18 85 1
76 100 1
25 28 1
55 66 1
29 47 1
2 40 1
68 87 1
27 28 1
1 72 1
5 52 1
16 23 1
15 27 1
23 39 1
14 33 1
15 21 1
28 91 1
29 82 1
66 99 1
42 80 1
3 83 1
52 93 1
15 33 1
72 80 1
13 85 1
20 84 1
58 85 1
27 79 1
88 91 1
22 38 1
45 62 1
25 84 1
10 31 1
57 95 1
83 92 1
27 87 1
35 75 1
2 70 1
14 82 1
15 17 1
25 74 1
7 78 1
40 75 1
59 69 1
8 85 1
31 64 1
29 54 1
51 64 1
12 72 1
18 60 1
71 73 1
32 40 1
5 68 1
80 99 1
30 91 1
57 82 1
72 78 1
28 66 1
50 60 1
11 46 1
83 93 1
3 64 1
27 52 1
8 42 1
42 96 1
17 21 1
58 86 1
10 79 1
69 89 1
55 83 1
23 92 1
65 94 1
16 49 1
15 92 1
9 91 1
27 100 1
74 83 1
79 92 1
4 92 1
24 51 1
1 48 1
33 39 1
20 22 1
20 58 1
71 79 1
4 61 1
42 93 1
32 83 1
54 94 1
27 33 1
44 47 1
43 61 1
67 86 1
48 61 1
37 73 1
2 36 1
1 62 1
39 92 1
32 46 1
17 64 1
31 65 1
15 90 1
13 32 1
1 9 1
13 18 1
53 76 1
70 77 1
64 85 1
51 98 1
19 62 1
34 70 1
34 67 1
45 85 1
1 66 1
5 99 1
19 35 1
20 86 1
62 95 1
1 37 1
30 52 1
15 79 1
14 26 1
23 31 1
12 59 1
16 47 1
65 100 1
59 80 1
51 53 1
37 80 1
20 85 1
6 72 1
67 87 1
31 42 1
28 36 1
75 84 1
19 39 1
72 97 1
6 63 1
7 13 1
14 76 1
33 89 1
18 64 1
23 91 1
28 93 1
32 62 1
14 79 1
16 83 1
50 71 1
58 77 1
28 60 1
5 60 1
5 15 1
53 67 1
80 93 1
58 88 1
20 27 1
11 99 1
74 89 1
49 79 1
19 52 1
63 76 1
69 93 1
1 60 1
16 27 1
23 55 1
1 85 1
20 82 1
6 7 1
41 88 1
16 80 1
8 95 1
7 10 1
18 26 1
28 86 1
26 63 1
44 77 1
2 60 1
38 61 1
28 50 1
43 52 1
5 30 1
20 62 1
62 96 1
23 32 1
14 23 1
72 93 1
42 71 1
50 72 1
61 92 1
69 84 1
38 91 1
26 67 1
78 95 1
64 87 1
9 23 1
8 26 1
10 57 1
14 70 1
51 99 1
6 91 1
8 20 1
59 75 1
44 74 1
9 46 1
24 89 1
2 6 1
41 49 1
10 90 1
14 68 1
6 84 1
45 78 1
35 67 1
60 67 1
16 24 1
39 94 1
39 91 1
52 56 1
73 85 1
20 30 1
13 25 1
41 64 1
6 80 1
45 47 1
12 67 1
60 61 1
8 73 1
9 47 1
1 81 1
7 83 1
50 76 1
17 93 1
81 94 1
1 20 1
71 97 1
41 63 1
25 47 1
51 81 1
52 54 1
34 45 1
33 98 1
9 12 1
50 69 1
47 70 1
16 94 1
26 80 1
13 42 1
32 67 1
26 95 1
30 31 1
5 56 1
80 85 1
23 78 1
53 54 1
55 74 1
25 46 1
45 72 1
48 73 1
23 72 1
72 84 1
46 90 1
56 86 1
32 98 1
46 48 1
63 98 1
45 60 1
47 75 1
41 74 1
45 92 1
41 45 1
42 56 1
90 97 1
85 86 1
22 100 1
5 22 1
73 94 1
21 49 1
28 57 1
68 81 1
14 78 1
49 77 1
38 83 1
59 70 1
42 66 1
36 92 1
42 95 1
44 81 1
2 27 1
25 94 1
10 30 1
4 54 1
39 40 1
59 95 1
62 66 1
50 84 1
23 96 1
14 42 1
21 48 1
66 72 1
60 71 1
61 76 1
79 98 1
11 36 1
33 97 1
22 30 1
12 57 1
55 85 1
3 7 1
91 97 1
15 85 1
5 39 1
18 62 1
17 62 1
81 84 1
43 99 1
70 96 1
15 48 1
60 93 1
39 97 1
13 63 1
5 58 1
5 78 1
78 88 1
8 17 1
85 90 1
20 67 1
11 44 1
4 10 1
26 62 1
28 72 1
32 37 1
4 29 1
43 51 1
80 94 1
29 39 1
14 45 1
23 61 1
26 72 1
31 59 1
37 85 1
69 77 1
7 9 1
69 81 1
11 66 1
13 22 1
36 59 1
72 81 1
5 79 1
14 96 1
36 81 1
32 85 1
8 24 1
13 27 1
4 74 1
39 81 1
24 40 1
31 83 1
8 93 1
5 93 1
57 81 1
47 90 1
20 43 1
7 20 1
13 14 1
25 88 1
30 54 1
20 72 1
58 93 1
51 65 1
58 68 1
15 23 1
56 70 1
30 78 1
61 70 1
40 69 1
3 76 1
21 71 1
21 31 1
67 75 1
43 64 1
8 52 1
10 22 1
77 81 1
13 35 1
92 97 1
44 61 1
42 59 1
7 74 1
17 65 1
29 92 1
23 84 1
55 63 1
18 37 1
69 70 1
17 46 1
39 79 1
54 69 1
97 98 1
54 97 1
26 61 1
6 95 1
2 67 1
44 80 1
7 86 1
47 58 1
23 79 1
19 98 1
31 37 1
78 90 1
15 91 1
63 93 1
16 67 1
47 49 1
61 89 1
1 41 1
48 57 1
58 70 1
19 81 1
12 24 1
80 95 1
18 39 1
31 92 1
18 97 1
17 32 1
8 90 1
78 94 1
43 63 1
59 62 1
22 87 1
32 49 1
21 93 1
55 90 1
5 49 1
1 83 1
4 62 1
7 69 1
45 59 1
19 91 1
27 50 1
26 68 1
23 25 1
23 76 1
3 59 1
36 90 1
1 16 1
88 92 1
69 94 1
51 91 1
2 96 1
5 84 1
30 58 1
68 82 1
55 68 1
49 94 1
55 59 1
17 84 1
18 79 1
5 90 1
9 82 1
31 48 1
32 92 1
