100
67 75 1
18 22 1
22 100 1
64 80 1
47 80 1
50 60 1
26 31 1
61 71 1
19 71 1
93 96 1
31 88 1
76 93 1
35 51 1
3 10 1
32 63 1
62 92 1
56 92 1
77 79 1
17 78 1
23 45 1
47 67 1
47 87 1
8 85 1
38 83 1
24 35 1
83 96 1
34 39 1
28 34 1
11 22 1
43 69 1
35 88 1
55 90 1
28 78 1
42 56 1
52 84 1
14 53 1
64 71 1
4 12 1
7 39 1
49 64 1
51 84 1
31 47 1
1 15 1
52 61 1
91 96 1
63 72 1
9 24 1
4 81 1
81 93 1
80 88 1
29 60 1
38 48 1
13 94 1
70 75 1
81 97 1
6 19 1
3 36 1
60 91 1
31 64 1
17 63 1
29 39 1
82 84 1
35 72 1
3 23 1
25 77 1
7 16 1
25 43 1
61 100 1
38 91 1
67 78 1
6 50 1
9 17 1
22 98 1
46 74 1
46 92 1
45 90 1
41 55 1
11 80 1
71 84 1
19 22 1
5 66 1
37 81 1
38 46 1
53 63 1
78 91 1
46 59 1
32 59 1
67 95 1
87 93 1
77 96 1
11 71 1
83 97 1
53 95 1
62 96 1
43 95 1
48 100 1
15 100 1
79 90 1
3 5 1
48 98 1
26 80 1
46 68 1
17 24 1
29 57 1
35 36 1
60 97 1
73 93 1
83 93 1
69 84 1
56 94 1
26 93 1
9 62 1
11 32 1
32 51 1
2 78 1
38 55 1
58 79 1
48 64 1
57 71 1
38 62 1
72 76 1
76 78 1
64 67 1
26 61 1
27 63 1
30 59 1
34 54 1
60 98 1
78 83 1
2 100 1
55 98 1
37 79 1
20 57 1
4 15 1
16 98 1
23 42 1
4 25 1
1 12 1
47 75 1
74 91 1
81 99 1
48 85 1
11 67 1
68 70 1
29 35 1
52 99 1
32 82 1
59 70 1
35 41 1
23 66 1
32 100 1
7 25 1
61 69 1
10 15 1
3 75 1
7 46 1
10 26 1
5 62 1
61 78 1
43 72 1
43 54 1
12 98 1
24 49 1
97 99 1
24 76 1
5 100 1
21 88 1
86 99 1
24 70 1
62 87 1
13 18 1
15 52 1
17 44 1
56 88 1
53 62 1
59 83 1
43 52 1
32 39 1
45 88 1
16 37 1
14 19 1
45 65 1
80 95 1
7 91 1
57 59 1
13 49 1
50 72 1
4 59 1
70 82 1
47 51 1
6 7 1
15 89 1
24 78 1
85 100 1
20 63 1
87 94 1
1 27 1
4 40 1
48 54 1
58 62 1
1 72 1
57 92 1
44 71 1
18 82 1
19 25 1
31 58 1
7 29 1
8 99 1
60 61 1
10 86 1
19 69 1
87 95 1
8 96 1
19 86 1
23 60 1
8 40 1
46 99 1
6 66 1
7 57 1
38 49 1
17 47 1
5 10 1
82 85 1
30 71 1
24 29 1
13 54 1
84 91 1
35 56 1
3 54 1
54 95 1
31 57 1
14 16 1
56 85 1
46 76 1
11 99 1
52 64 1
15 36 1
90 93 1
42 82 1
47 74 1
6 35 1
14 48 1
13 97 1
42 60 1
37 78 1
80 98 1
15 62 1
29 92 1
14 58 1
5 80 1
7 88 1
17 95 1
76 95 1
20 83 1
5 95 1
45 58 1
55 78 1
59 61 1
31 80 1
19 53 1
23 81 1
18 58 1
75 98 1
8 37 1
14 87 1
44 67 1
57 76 1
2 53 1
2 77 1
30 80 1
39 59 1
40 95 1
14 78 1
29 98 1
16 29 1
66 77 1
12 88 1
12 36 1
3 99 1
43 85 1
13 61 1
61 98 1
7 80 1
30 34 1
22 78 1
12 94 1
23 80 1
16 43 1
31 83 1
66 81 1
57 64 1
5 87 1
68 72 1
31 51 1
12 49 1
15 70 1
60 65 1
34 87 1
60 95 1
4 16 1
20 32 1
48 65 1
24 93 1
11 45 1
71 87 1
37 73 1
53 89 1
29 84 1
42 57 1
12 95 1
19 46 1
3 81 1
39 94 1
12 85 1
19 81 1
12 93 1
90 94 1
58 94 1
2 54 1
54 81 1
39 73 1
44 73 1
37 96 1
86 89 1
95 100 1
23 86 1
33 49 1
1 74 1
62 94 1
22 94 1
32 40 1
56 90 1
25 96 1
88 98 1
11 62 1
26 95 1
30 37 1
3 58 1
28 42 1
15 79 1
89 99 1
15 40 1
13 14 1
10 35 1
20 51 1
44 80 1
24 92 1
44 83 1
52 58 1
47 83 1
57 77 1
12 74 1
51 78 1
3 8 1
18 80 1
53 100 1
59 65 1
28 94 1
29 85 1
48 92 1
29 96 1
21 40 1
35 57 1
43 99 1
13 90 1
10 62 1
26 75 1
76 86 1
29 41 1
49 62 1
56 76 1
28 51 1
17 81 1
48 86 1
23 96 1
39 70 1
22 86 1
28 63 1
24 81 1
20 99 1
46 93 1
38 84 1
89 94 1
65 83 1
35 78 1
1 99 1
18 70 1
30 64 1
16 59 1
11 94 1
52 91 1
6 77 1
3 63 1
14 52 1
30 75 1
39 75 1
59 69 1
5 60 1
6 29 1
54 66 1
15 28 1
33 45 1
33 98 1
65 79 1
36 54 1
15 38 1
18 45 1
42 73 1
49 70 1
9 42 1
27 50 1
29 42 1
17 64 1
40 79 1
3 55 1
65 100 1
54 58 1
24 66 1
1 68 1
19 48 1
22 40 1
1 42 1
20 40 1
37 56 1
67 98 1
3 45 1
42 46 1
48 58 1
41 82 1
6 41 1
51 74 1
56 70 1
52 100 1
8 46 1
26 56 1
5 58 1
54 79 1
2 58 1
56 71 1
53 64 1
13 74 1
74 93 1
68 92 1
8 80 1
44 65 1
21 62 1
17 55 1
13 28 1
80 100 1
23 99 1
3 97 1
49 74 1
35 63 1
72 86 1
38 73 1
39 69 1
51 56 1
42 63 1
2 44 1
22 82 1
77 99 1
33 97 1
28 99 1
46 78 1
21 22 1
55 96 1
62 88 1
61 73 1
65 84 1
33 69 1
23 97 1
38 96 1
17 79 1
27 66 1
8 23 1
3 6 1
10 54 1
51 61 1
22 60 1
5 31 1
60 63 1
9 88 1
73 99 1
4 56 1
39 51 1
31 96 1
10 30 1
67 94 1
67 77 1
90 95 1
12 39 1
39 80 1
20 98 1
57 67 1
78 94 1
17 48 1
28 45 1
44 53 1
68 89 1
64 82 1
10 40 1
28 92 1
20 71 1
31 44 1
45 63 1
74 87 1
1 45 1
30 63 1
24 82 1
33 91 1
33 71 1
37 99 1
33 55 1
21 57 1
38 76 1
83 92 1
1 5 1
32 65 1
43 70 1
91 93 1
32 57 1
72 96 1
7 13 1
39 47 1
3 49 1
69 81 1
35 39 1
56 98 1
3 52 1
11 46 1
26 86 1
59 100 1
41 63 1
18 71 1
1 83 1
6 27 1
3 12 1
54 62 1
16 89 1
33 89 1
33 85 1
13 85 1
5 37 1
7 55 1
34 52 1
47 86 1
21 51 1
28 68 1
20 27 1
4 34 1
21 79 1
29 36 1
14 63 1
28 90 1
14 80 1
6 26 1
11 98 1
40 53 1
34 61 1
15 77 1
33 87 1
13 60 1
22 99 1
53 88 1
26 49 1
3 96 1
45 82 1
24 34 1
80 97 1
41 64 1
12 99 1
25 38 1
3 40 1
73 80 1
7 90 1
50 87 1
38 51 1
68 91 1
30 31 1
31 59 1
42 72 1
20 86 1
24 68 1
18 81 1
17 70 1
77 87 1
74 79 1
4 74 1
18 55 1
26 100 1
31 66 1
68 86 1
26 43 1
4 99 1
18 97 1
2 15 1
21 64 1
15 81 1
6 21 1
4 83 1
6 64 1
93 97 1
49 81 1
42 86 1
4 70 1
18 67 1
37 55 1
33 52 1
8 59 1
29 93 1
11 38 1
33 34 1
51 72 1
8 48 1
31 95 1
12 40 1
18 39 1
53 87 1
39 66 1
25 65 1
63 69 1
17 29 1
14 21 1
70 71 1
17 43 1
90 96 1
19 85 1
42 47 1
11 96 1
44 57 1
31 99 1
17 34 1
65 88 1
37 38 1
12 97 1
47 65 1
45 79 1
32 60 1
7 12 1
33 74 1
10 94 1
72 88 1
82 89 1
48 82 1
3 46 1
25 69 1
35 67 1
19 29 1
58 80 1
30 94 1
18 92 1
43 67 1
43 83 1
14 61 1
4 60 1
55 75 1
12 62 1
1 10 1
22 89 1
27 34 1
52 92 1
64 88 1
37 76 1
5 25 1
5 19 1
30 92 1
41 59 1
37 69 1
61 63 1
37 83 1
41 93 1
7 83 1
71 81 1
6 40 1
25 64 1
47 50 1
25 42 1
16 69 1
70 87 1
73 89 1
36 75 1
22 24 1
38 97 1
39 68 1
22 81 1
39 100 1
30 45 1
30 44 1
11 39 1
98 100 1
25 59 1
29 62 1
40 80 1
25 100 1
36 66 1
26 36 1
9 77 1
16 75 1
2 23 1
45 59 1
15 63 1
18 34 1
57 61 1
89 95 1
10 97 1
63 81 1
15 69 1
44 89 1
57 72 1
11 84 1
75 99 1
61 82 1
50 65 1
5 30 1
18 20 1
31 71 1
26 79 1
77 86 1
50 88 1
48 81 1
38 60 1
42 61 1
18 28 1
61 89 1
87 91 1
42 83 1
3 9 1
5 81 1
48 70 1
8 56 1
31 32 1
25 34 1
72 95 1
19 55 1
33 51 1
7 96 1
39 48 1
39 82 1
72 90 1
47 99 1
66 96 1
20 84 1
37 98 1
63 78 1
41 46 1
5 76 1
65 72 1
57 60 1
33 59 1
12 70 1
75 81 1
35 68 1
20 25 1
14 93 1
13 36 1
65 86 1
4 6 1
47 72 1
39 72 1
20 60 1
16 42 1
48 84 1
33 39 1
23 78 1
9 38 1
11 33 1
69 92 1
28 85 1
18 93 1
32 66 1
44 94 1
69 94 1
48 83 1
5 74 1
1 53 1
10 88 1
32 99 1
41 95 1
21 91 1
21 37 1
47 53 1
9 10 1
54 97 1
11 55 1
41 56 1
12 55 1
70 95 1
22 25 1
11 65 1
27 28 1
15 49 1
44 64 1
59 88 1
33 53 1
39 76 1
17 73 1
60 81 1
4 17 1
9 22 1
1 44 1
55 72 1
27 41 1
3 48 1
27 60 1
18 95 1
9 14 1
43 50 1
23 68 1
23 58 1
15 90 1
11 36 1
24 39 1
81 94 1
21 30 1
27 74 1
21 34 1
16 79 1
42 67 1
4 32 1
3 44 1
23 49 1
41 50 1
10 17 1
29 56 1
6 98 1
32 68 1
31 97 1
19 51 1
4 77 1
9 95 1
96 100 1
36 74 1
22 35 1
28 74 1
30 89 1
24 72 1
20 87 1
60 73 1
73 95 1
42 65 1
8 82 1
10 83 1
51 58 1
34 99 1
34 94 1
17 69 1
49 58 1
1 82 1
53 97 1
2 10 1
73 86 1
5 6 1
67 86 1
1 100 1
16 38 1
65 71 1
22 52 1
1 20 1
70 94 1
45 85 1
6 74 1
15 88 1
80 89 1
15 59 1
18 38 1
30 95 1
33 63 1
11 66 1
28 49 1
11 16 1
58 95 1
36 95 1
4 10 1
16 32 1
26 46 1
12 59 1
26 88 1
71 89 1
20 46 1
33 96 1
55 60 1
27 91 1
7 23 1
54 67 1
48 80 1
45 84 1
64 66 1
1 56 1
23 64 1
19 24 1
76 82 1
34 82 1
66 73 1
22 90 1
2 94 1
40 92 1
19 63 1
18 36 1
28 44 1
7 69 1
32 86 1
5 89 1
34 58 1
7 53 1
34 67 1
24 98 1
27 90 1
64 95 1
9 50 1
18 88 1
11 63 1
65 97 1
80 83 1
18 63 1
50 79 1
20 53 1
11 69 1
27 88 1
13 37 1
16 82 1
75 90 1
43 44 1
75 100 1
30 85 1
80 84 1
46 86 1
14 86 1
63 95 1
81 82 1
49 67 1
74 94 1
26 89 1
60 82 1
87 98 1
45 92 1
41 42 1
2 32 1
75 95 1
50 82 1
29 66 1
66 100 1
34 71 1
15 68 1
39 45 1
7 45 1
27 84 1
36 68 1
38 64 1
28 97 1
73 100 1
17 40 1
7 87 1
22 50 1
11 30 1
69 97 1
5 50 1
70 74 1
16 84 1
12 38 1
62 89 1
9 79 1
22 36 1
29 86 1
32 80 1
32 91 1
60 67 1
5 43 1
62 93 1
52 86 1
25 30 1
14 85 1
30 57 1
4 49 1
18 78 1
21 61 1
32 70 1
17 38 1
9 55 1
17 27 1
28 53 1
4 9 1
48 76 1
21 47 1
36 61 1
30 41 1
1 9 1
47 91 1
25 67 1
3 43 1
45 83 1
17 71 1
35 46 1
36 92 1
79 92 1
10 12 1
1 84 1
37 43 1
44 70 1
25 82 1
25 86 1
32 36 1
78 89 1
31 49 1
17 25 1
29 83 1
62 97 1
55 76 1
65 81 1
36 59 1
53 86 1
18 44 1
25 80 1
15 75 1
24 43 1
18 31 1
28 56 1
55 74 1
62 98 1
37 94 1
46 89 1
22 45 1
70 97 1
26 40 1
20 26 1
8 12 1
45 73 1
55 66 1
5 39 1
73 97 1
33 80 1
33 100 1
10 16 1
50 74 1
46 56 1
33 48 1
29 52 1
43 55 1
22 34 1
14 98 1
35 50 1
91 99 1
53 56 1
6 100 1
31 67 1
18 84 1
52 62 1
7 93 1
31 74 1
34 76 1
50 54 1
2 68 1
33 50 1
34 44 1
64 65 1
3 61 1
56 97 1
11 28 1
76 98 1
61 74 1
85 94 1
9 61 1
11 24 1
73 87 1
13 31 1
55 68 1
85 97 1
24 62 1
7 32 1
65 82 1
1 90 1
34 46 1
63 71 1
32 72 1
10 63 1
53 77 1
84 92 1
8 71 1
93 100 1
6 70 1
53 76 1
14 72 1
24 48 1
31 94 1
62 82 1
33 82 1
30 78 1
46 57 1
51 71 1
26 63 1
25 27 1
20 91 1
15 37 1
14 29 1
24 83 1
31 39 1
64 68 1
8 95 1
65 90 1
13 75 1
28 48 1
52 79 1
26 38 1
1 47 1
85 96 1
50 94 1
41 94 1
32 45 1
71 98 1
30 81 1
19 65 1
17 49 1
18 30 1
40 85 1
14 31 1
37 52 1
77 92 1
66 82 1
10 51 1
18 64 1
36 63 1
6 33 1
63 68 1
38 72 1
36 72 1
2 24 1
30 40 1
43 62 1
14 73 1
31 73 1
36 65 1
53 94 1
22 77 1
47 98 1
3 56 1
52 55 1
35 82 1
5 17 1
13 93 1
46 97 1
9 56 1
55 89 1
21 97 1
10 41 1
7 31 1
14 34 1
48 90 1
63 77 1
43 59 1
25 70 1
12 83 1
19 39 1
27 78 1
12 44 1
42 68 1
36 45 1
54 70 1
34 51 1
15 32 1
1 13 1
19 28 1
5 72 1
33 79 1
63 87 1
17 39 1
18 27 1
39 91 1
11 70 1
26 64 1
9 96 1
5 35 1
50 95 1
87 100 1
46 80 1
19 61 1
19 62 1
31 55 1
32 89 1
39 44 1
24 56 1
40 65 1
36 80 1
35 83 1
25 97 1
62 77 1
64 69 1
31 43 1
51 95 1
24 99 1
8 54 1
4 58 1
41 53 1
5 47 1
6 67 1
75 96 1
38 44 1
44 51 1
55 95 1
27 53 1
50 76 1
28 95 1
48 73 1
38 61 1
19 100 1
1 80 1
7 27 1
72 92 1
2 3 1
23 85 1
13 98 1
41 85 1
11 79 1
21 76 1
45 49 1
43 82 1
7 40 1
55 93 1
1 4 1
12 18 1
51 90 1
32 94 1
40 63 1
32 78 1
33 84 1
6 11 1
10 73 1
33 43 1
7 10 1
51 62 1
4 98 1
68 69 1
10 28 1
49 71 1
24 75 1
9 63 1
41 51 1
79 86 1
6 13 1
