100
6 85 1
91 100 1
40 72 1
49 98 1
11 52 1
59 85 1
42 81 1
26 31 1
37 87 1
60 66 1
53 59 1
11 79 1
57 94 1
10 75 1
44 46 1
52 77 1
17 84 1
63 73 1
51 85 1
52 87 1
25 49 1
52 66 1
11 89 1
1 96 1
17 88 1
79 92 1
7 43 1
11 85 1
11 99 1
11 82 1
55 75 1
50 55 1
27 97 1
44 52 1
28 97 1
75 92 1
90 92 1
17 74 1
47 99 1
44 95 1
20 26 1
80 84 1
14 33 1
9 19 1
3 16 1
1 22 1
13 58 1
69 74 1
13 80 1
1 60 1
9 70 1
16 94 1
44 84 1
52 73 1
8 16 1
23 85 1
55 73 1
47 53 1
68 96 1
4 47 1
21 54 1
44 98 1
74 96 1
18 20 1
22 45 1
58 60 1
63 67 1
28 96 1
40 76 1
46 81 1
38 47 1
26 88 1
36 68 1
1 49 1
54 95 1
47 51 1
9 79 1
66 77 1
17 19 1
5 59 1
1 29 1
35 85 1
47 63 1
37 40 1
4 56 1
15 99 1
44 50 1
17 99 1
8 87 1
2 24 1
44 64 1
73 91 1
26 40 1
31 46 1
38 58 1
28 74 1
33 84 1
4 44 1
19 66 1
72 83 1
22 46 1
3 64 1
38 65 1
12 53 1
16 73 1
39 54 1
20 43 1
8 21 1
35 82 1
62 86 1
11 69 1
7 37 1
31 44 1
67 99 1
55 87 1
5 44 1
3 46 1
48 56 1
2 86 1
93 100 1
37 55 1
25 92 1
5 97 1
62 74 1
30 52 1
5 94 1
70 88 1
71 80 1
63 77 1
72 77 1
39 69 1
70 72 1
5 64 1
28 84 1
73 81 1
6 60 1
41 73 1
15 75 1
53 84 1
3 39 1
11 54 1
35 94 1
48 85 1
18 64 1
27 49 1
17 83 1
75 98 1
72 78 1
7 77 1
28 82 1
14 50 1
39 51 1
12 52 1
19 33 1
9 74 1
25 33 1
52 59 1
48 49 1
14 97 1
17 94 1
18 91 1
38 76 1
9 86 1
27 88 1
79 87 1
19 21 1
32 89 1
36 78 1
39 52 1
56 87 1
21 80 1
63 80 1
52 69 1
3 74 1
23 42 1
43 60 1
20 70 1
18 94 1
2 39 1
7 63 1
17 64 1
77 98 1
10 14 1
13 34 1
35 66 1
13 43 1
40 69 1
29 82 1
50 59 1
19 25 1
44 49 1
37 60 1
24 63 1
16 44 1
61 67 1
7 32 1
6 40 1
68 86 1
4 36 1
22 51 1
27 65 1
44 54 1
67 75 1
3 29 1
32 59 1
45 97 1
85 97 1
38 98 1
40 88 1
42 79 1
75 93 1
5 54 1
43 75 1
27 90 1
35 70 1
11 27 1
21 96 1
54 99 1
1 21 1
14 90 1
17 89 1
26 75 1
27 56 1
7 80 1
20 94 1
46 85 1
52 98 1
29 100 1
32 81 1
40 68 1
53 64 1
12 21 1
58 62 1
28 52 1
20 53 1
92 99 1
21 62 1
61 98 1
15 71 1
33 42 1
6 93 1
80 93 1
38 55 1
42 78 1
40 99 1
78 99 1
93 96 1
64 98 1
41 94 1
46 80 1
11 37 1
47 67 1
36 41 1
17 26 1
32 60 1
66 82 1
19 86 1
25 44 1
1 31 1
23 45 1
66 93 1
64 77 1
56 77 1
84 94 1
89 92 1
56 57 1
11 32 1
38 40 1
15 40 1
69 91 1
36 95 1
24 40 1
34 90 1
29 51 1
39 42 1
41 86 1
8 70 1
34 44 1
52 82 1
10 32 1
67 97 1
30 93 1
6 18 1
58 77 1
39 67 1
4 40 1
77 87 1
14 65 1
63 99 1
53 54 1
38 61 1
9 26 1
43 96 1
39 66 1
25 67 1
34 97 1
17 41 1
51 67 1
24 92 1
45 72 1
7 38 1
61 63 1
14 36 1
35 75 1
46 60 1
7 97 1
61 83 1
19 87 1
7 81 1
21 77 1
78 86 1
13 66 1
29 44 1
34 92 1
57 87 1
3 73 1
70 75 1
17 54 1
6 38 1
4 22 1
20 36 1
54 76 1
64 69 1
38 97 1
61 86 1
19 43 1
8 52 1
9 82 1
57 97 1
54 100 1
52 88 1
98 99 1
16 45 1
22 61 1
3 50 1
17 71 1
50 60 1
47 74 1
1 36 1
29 41 1
18 45 1
31 59 1
1 17 1
21 68 1
91 97 1
67 100 1
47 70 1
4 67 1
40 86 1
29 50 1
2 82 1
62 63 1
57 77 1
12 72 1
58 89 1
4 39 1
16 79 1
7 48 1
7 31 1
56 98 1
73 94 1
11 34 1
19 93 1
16 40 1
4 85 1
5 63 1
31 82 1
73 95 1
60 64 1
20 28 1
43 78 1
42 96 1
53 73 1
50 76 1
19 89 1
23 51 1
69 94 1
51 83 1
62 75 1
30 38 1
60 88 1
7 54 1
14 53 1
48 60 1
29 98 1
14 42 1
3 7 1
46 75 1
27 67 1
14 86 1
49 81 1
26 98 1
60 99 1
3 6 1
47 85 1
75 77 1
3 9 1
33 49 1
18 46 1
55 78 1
5 60 1
8 76 1
67 95 1
70 84 1
35 37 1
13 40 1
43 45 1
12 15 1
7 60 1
58 95 1
18 49 1
9 65 1
15 68 1
84 91 1
55 96 1
32 35 1
6 16 1
37 94 1
23 32 1
8 29 1
12 85 1
21 26 1
53 88 1
58 98 1
19 57 1
56 66 1
50 81 1
3 72 1
56 79 1
59 69 1
62 82 1
43 91 1
21 75 1
11 60 1
13 49 1
6 52 1
51 60 1
54 88 1
11 30 1
20 75 1
7 67 1
10 27 1
3 37 1
59 68 1
46 94 1
11 46 1
11 74 1
29 42 1
9 58 1
6 8 1
25 46 1
4 17 1
2 11 1
4 16 1
53 95 1
20 49 1
17 50 1
66 67 1
86 92 1
35 52 1
52 100 1
11 29 1
25 53 1
24 70 1
30 84 1
12 91 1
95 100 1
77 97 1
23 83 1
26 64 1
3 19 1
31 89 1
36 60 1
36 42 1
46 63 1
34 65 1
10 34 1
9 80 1
28 85 1
31 91 1
7 11 1
44 88 1
19 90 1
39 91 1
5 18 1
67 83 1
34 43 1
68 79 1
39 81 1
6 76 1
6 84 1
45 99 1
24 64 1
69 71 1
19 28 1
44 47 1
18 23 1
68 74 1
77 90 1
3 56 1
21 69 1
9 47 1
28 68 1
15 83 1
64 87 1
41 49 1
20 86 1
45 86 1
6 57 1
13 27 1
66 75 1
54 83 1
19 45 1
71 87 1
34 56 1
37 86 1
23 69 1
14 31 1
75 96 1
41 99 1
1 95 1
23 55 1
96 97 1
52 58 1
36 96 1
4 19 1
15 33 1
1 56 1
25 73 1
24 95 1
1 65 1
10 80 1
33 100 1
17 95 1
5 92 1
1 45 1
51 55 1
22 65 1
69 89 1
4 20 1
19 44 1
35 92 1
18 76 1
1 13 1
44 58 1
2 27 1
9 32 1
10 45 1
58 87 1
12 96 1
60 82 1
6 25 1
44 100 1
11 86 1
2 29 1
41 59 1
8 59 1
16 97 1
75 99 1
44 45 1
22 71 1
51 92 1
7 33 1
31 38 1
2 76 1
13 42 1
15 32 1
55 60 1
13 30 1
21 23 1
41 83 1
36 71 1
48 71 1
23 93 1
42 83 1
8 31 1
4 86 1
59 92 1
30 76 1
40 45 1
64 95 1
14 64 1
4 58 1
12 42 1
38 50 1
28 79 1
26 39 1
73 85 1
18 53 1
75 97 1
66 96 1
40 63 1
2 12 1
12 62 1
46 88 1
35 43 1
66 84 1
53 91 1
38 64 1
23 53 1
7 85 1
81 89 1
1 48 1
19 63 1
50 82 1
30 44 1
70 98 1
50 94 1
17 75 1
3 69 1
6 78 1
13 22 1
15 46 1
11 96 1
25 34 1
6 74 1
24 88 1
14 99 1
49 93 1
6 45 1
31 67 1
50 52 1
34 76 1
17 46 1
53 78 1
5 57 1
52 80 1
35 67 1
58 80 1
97 100 1
64 100 1
3 87 1
21 24 1
68 97 1
32 87 1
35 41 1
42 91 1
32 46 1
6 81 1
7 83 1
25 52 1
29 89 1
26 94 1
33 99 1
10 43 1
11 68 1
54 75 1
29 77 1
18 95 1
60 62 1
10 87 1
26 99 1
46 51 1
25 70 1
33 35 1
53 71 1
68 99 1
19 49 1
39 49 1
5 96 1
9 37 1
75 78 1
55 76 1
39 79 1
36 99 1
2 23 1
2 25 1
67 91 1
69 81 1
28 35 1
15 61 1
46 74 1
23 37 1
27 94 1
42 56 1
54 80 1
11 25 1
50 57 1
61 70 1
89 98 1
74 84 1
9 78 1
71 94 1
65 92 1
28 31 1
38 44 1
63 88 1
41 96 1
43 56 1
30 66 1
47 92 1
49 84 1
54 79 1
7 86 1
20 69 1
81 95 1
34 59 1
22 75 1
5 55 1
53 58 1
43 71 1
17 63 1
23 90 1
17 70 1
36 85 1
15 35 1
70 73 1
63 84 1
3 21 1
22 84 1
65 80 1
41 81 1
42 53 1
45 90 1
58 81 1
13 37 1
38 79 1
52 89 1
68 80 1
40 75 1
5 30 1
35 40 1
61 82 1
10 54 1
21 55 1
66 80 1
10 74 1
55 59 1
71 79 1
73 83 1
30 91 1
70 74 1
33 68 1
15 36 1
8 61 1
15 98 1
45 94 1
38 80 1
11 64 1
53 83 1
14 23 1
40 55 1
8 93 1
18 54 1
78 84 1
20 68 1
15 53 1
12 64 1
9 27 1
45 50 1
52 55 1
31 99 1
5 93 1
15 90 1
67 78 1
80 85 1
51 94 1
19 53 1
43 58 1
59 99 1
9 66 1
8 49 1
47 55 1
61 96 1
89 90 1
29 75 1
32 67 1
8 72 1
24 46 1
25 37 1
27 69 1
28 78 1
52 57 1
24 49 1
71 95 1
39 80 1
46 99 1
20 84 1
27 59 1
10 82 1
4 42 1
50 63 1
23 61 1
1 37 1
49 76 1
18 30 1
12 83 1
73 86 1
10 20 1
29 97 1
38 53 1
14 27 1
12 49 1
16 66 1
58 83 1
10 44 1
61 85 1
12 13 1
8 96 1
4 63 1
14 95 1
6 48 1
74 82 1
57 95 1
10 13 1
34 82 1
8 51 1
16 91 1
48 69 1
15 24 1
45 95 1
4 72 1
12 36 1
3 24 1
50 93 1
61 90 1
23 95 1
35 42 1
32 43 1
81 99 1
25 81 1
64 65 1
21 95 1
2 19 1
54 67 1
67 76 1
25 38 1
6 36 1
20 62 1
29 99 1
33 85 1
12 69 1
23 40 1
20 99 1
22 57 1
2 26 1
9 75 1
51 73 1
31 76 1
70 85 1
30 67 1
82 93 1
47 58 1
29 47 1
6 88 1
21 47 1
52 95 1
48 55 1
80 99 1
25 84 1
68 69 1
27 95 1
9 94 1
2 74 1
10 47 1
62 88 1
19 47 1
16 49 1
59 93 1
24 81 1
55 82 1
14 73 1
24 59 1
39 82 1
29 80 1
29 62 1
23 97 1
73 76 1
42 77 1
25 65 1
43 94 1
29 70 1
12 33 1
9 49 1
10 55 1
45 68 1
45 80 1
20 73 1
49 56 1
50 90 1
17 56 1
12 48 1
48 98 1
30 69 1
20 87 1
46 59 1
37 75 1
6 80 1
26 36 1
9 16 1
5 62 1
36 51 1
2 38 1
19 31 1
53 63 1
58 74 1
8 17 1
44 70 1
25 50 1
14 100 1
2 44 1
19 83 1
1 9 1
11 50 1
87 98 1
32 70 1
1 14 1
82 97 1
66 72 1
6 79 1
33 72 1
19 91 1
44 87 1
15 92 1
12 54 1
26 78 1
23 43 1
9 60 1
17 73 1
14 15 1
90 96 1
30 58 1
42 54 1
11 80 1
28 86 1
27 28 1
6 27 1
24 66 1
25 77 1
74 86 1
21 92 1
39 68 1
22 26 1
27 77 1
28 89 1
21 83 1
4 64 1
88 92 1
10 95 1
23 84 1
25 63 1
32 93 1
23 57 1
75 95 1
24 25 1
34 81 1
49 52 1
18 74 1
28 87 1
36 97 1
12 74 1
21 91 1
44 60 1
2 84 1
37 84 1
85 89 1
19 35 1
11 49 1
30 37 1
11 36 1
75 84 1
32 36 1
19 30 1
11 42 1
4 60 1
70 91 1
9 69 1
79 94 1
62 64 1
32 78 1
5 13 1
1 79 1
73 92 1
23 31 1
8 82 1
36 76 1
37 43 1
92 100 1
18 85 1
22 92 1
2 80 1
10 61 1
22 59 1
41 71 1
53 97 1
32 75 1
61 84 1
15 76 1
37 88 1
3 85 1
37 44 1
26 43 1
29 58 1
35 36 1
18 22 1
17 49 1
60 73 1
18 73 1
73 77 1
20 79 1
55 94 1
38 48 1
29 68 1
30 60 1
54 82 1
41 75 1
63 69 1
36 48 1
48 76 1
50 61 1
27 48 1
2 70 1
3 66 1
26 41 1
29 79 1
21 50 1
76 93 1
66 95 1
44 68 1
57 69 1
1 32 1
35 46 1
52 63 1
23 35 1
22 85 1
39 61 1
82 100 1
82 90 1
60 98 1
18 26 1
50 74 1
43 47 1
21 89 1
69 92 1
48 75 1
28 57 1
54 91 1
8 58 1
38 91 1
13 28 1
66 89 1
3 90 1
57 67 1
51 63 1
2 60 1
16 78 1
67 94 1
55 99 1
41 44 1
67 84 1
2 36 1
12 25 1
53 79 1
63 72 1
23 27 1
88 94 1
49 55 1
30 81 1
45 65 1
90 95 1
65 99 1
29 52 1
19 96 1
73 75 1
29 55 1
42 73 1
56 64 1
25 64 1
67 86 1
3 35 1
20 56 1
25 85 1
21 56 1
1 64 1
9 55 1
13 69 1
26 65 1
47 83 1
92 93 1
35 78 1
9 71 1
42 98 1
10 15 1
80 83 1
51 84 1
2 71 1
22 35 1
24 29 1
10 53 1
26 37 1
19 46 1
12 95 1
15 38 1
30 35 1
17 32 1
18 96 1
10 69 1
41 76 1
54 93 1
70 87 1
32 52 1
25 87 1
9 14 1
38 41 1
63 76 1
55 97 1
21 52 1
2 18 1
41 87 1
26 68 1
19 99 1
4 61 1
77 96 1
5 21 1
7 88 1
46 100 1
48 62 1
6 42 1
17 47 1
60 85 1
32 97 1
50 84 1
53 69 1
95 96 1
81 98 1
9 68 1
13 56 1
7 98 1
49 58 1
8 69 1
11 75 1
60 96 1
12 94 1
36 38 1
16 20 1
81 100 1
3 12 1
47 72 1
2 5 1
21 86 1
81 91 1
27 72 1
24 36 1
61 78 1
3 95 1
22 44 1
31 50 1
20 30 1
24 28 1
71 74 1
31 55 1
14 22 1
16 31 1
16 81 1
7 92 1
51 64 1
57 59 1
87 88 1
43 89 1
63 83 1
75 94 1
52 83 1
40 53 1
12 66 1
29 49 1
31 45 1
10 60 1
5 6 1
11 59 1
71 75 1
30 85 1
37 79 1
7 19 1
66 69 1
8 48 1
6 73 1
24 73 1
61 66 1
3 83 1
1 8 1
38 81 1
86 90 1
24 52 1
66 73 1
11 65 1
17 23 1
82 83 1
24 51 1
39 88 1
23 47 1
37 76 1
51 53 1
7 52 1
11 26 1
12 26 1
50 67 1
18 28 1
84 92 1
31 87 1
13 59 1
5 16 1
1 94 1
39 41 1
11 35 1
10 22 1
63 96 1
18 87 1
20 83 1
45 96 1
43 90 1
13 32 1
53 74 1
2 8 1
35 68 1
6 19 1
76 89 1
26 56 1
22 64 1
16 75 1
29 59 1
4 98 1
28 51 1
15 17 1
2 69 1
10 78 1
1 75 1
64 70 1
45 59 1
6 53 1
37 57 1
20 59 1
9 48 1
57 74 1
92 98 1
7 62 1
1 82 1
56 99 1
21 38 1
74 87 1
56 80 1
14 58 1
23 99 1
77 100 1
30 64 1
18 100 1
33 70 1
19 74 1
17 28 1
23 29 1
56 75 1
69 73 1
26 44 1
20 34 1
6 55 1
4 77 1
26 29 1
31 77 1
27 68 1
25 27 1
62 98 1
24 38 1
23 64 1
33 39 1
82 99 1
9 18 1
20 35 1
2 56 1
23 100 1
53 82 1
33 98 1
61 91 1
6 86 1
21 41 1
11 83 1
13 89 1
66 88 1
33 55 1
34 73 1
33 77 1
14 75 1
8 54 1
81 88 1
12 80 1
17 48 1
1 72 1
15 20 1
86 93 1
5 47 1
10 65 1
88 95 1
66 98 1
29 83 1
19 81 1
36 37 1
65 100 1
20 98 1
9 83 1
14 55 1
41 53 1
44 92 1
38 72 1
29 65 1
12 31 1
96 98 1
13 44 1
16 63 1
25 90 1
87 95 1
74 93 1
15 63 1
54 87 1
33 58 1
35 88 1
6 66 1
27 54 1
43 53 1
31 48 1
31 36 1
4 76 1
47 61 1
25 83 1
65 81 1
42 65 1
48 73 1
1 10 1
2 100 1
51 62 1
32 40 1
37 70 1
67 98 1
76 95 1
14 34 1
5 7 1
32 99 1
31 70 1
22 76 1
14 70 1
13 90 1
20 63 1
23 72 1
25 61 1
4 70 1
76 78 1
26 58 1
46 49 1
17 30 1
68 94 1
33 45 1
46 50 1
36 64 1
93 95 1
16 46 1
26 62 1
59 76 1
15 93 1
58 91 1
46 95 1
78 93 1
28 98 1
16 37 1
17 67 1
42 50 1
9 93 1
40 74 1
51 87 1
9 40 1
30 51 1
69 78 1
28 67 1
15 95 1
13 35 1
37 58 1
84 85 1
28 60 1
5 35 1
69 86 1
67 70 1
11 44 1
24 93 1
3 34 1
50 85 1
5 70 1
8 67 1
12 59 1
66 90 1
21 60 1
84 100 1
48 92 1
10 71 1
71 86 1
80 97 1
53 87 1
31 75 1
58 84 1
50 65 1
1 92 1
5 61 1
11 55 1
83 90 1
11 97 1
23 41 1
95 99 1
51 79 1
24 61 1
52 65 1
4 9 1
14 88 1
12 82 1
56 82 1
46 68 1
8 13 1
57 78 1
14 18 1
58 70 1
27 39 1
2 35 1
7 13 1
10 33 1
17 57 1
14 24 1
43 92 1
54 60 1
15 79 1
43 52 1
33 34 1
36 43 1
43 95 1
61 80 1
35 56 1
7 68 1
54 81 1
7 57 1
3 65 1
34 85 1
86 95 1
4 95 1
4 15 1
33 64 1
63 82 1
17 82 1
14 44 1
1 15 1
14 89 1
32 100 1
91 93 1
12 71 1
79 89 1
46 67 1
30 65 1
8 62 1
26 87 1
17 87 1
13 21 1
33 82 1
9 43 1
32 61 1
26 66 1
35 83 1
77 89 1
73 99 1
44 66 1
59 64 1
31 100 1
8 36 1
25 78 1
26 50 1
75 76 1
44 67 1
18 33 1
78 98 1
60 78 1
6 91 1
11 23 1
13 53 1
13 24 1
2 37 1
46 79 1
17 97 1
18 41 1
89 97 1
4 66 1
49 69 1
15 97 1
6 39 1
3 55 1
45 60 1
12 45 1
10 29 1
16 48 1
22 73 1
11 14 1
6 58 1
28 34 1
79 97 1
78 89 1
14 76 1
17 36 1
73 90 1
18 80 1
47 73 1
72 85 1
18 83 1
4 92 1
7 96 1
2 73 1
37 96 1
63 64 1
65 67 1
42 76 1
6 28 1
81 92 1
43 76 1
6 67 1
42 67 1
59 75 1
78 100 1
25 69 1
12 88 1
16 98 1
18 58 1
5 27 1
26 85 1
9 15 1
33 50 1
8 14 1
13 38 1
19 61 1
12 63 1
13 31 1
50 56 1
30 34 1
22 29 1
52 79 1
27 36 1
17 33 1
46 54 1
34 77 1
69 87 1
11 16 1
24 83 1
40 50 1
32 62 1
2 93 1
65 91 1
23 49 1
47 59 1
15 39 1
52 92 1
47 75 1
28 92 1
14 78 1
4 8 1
7 28 1
57 100 1
71 84 1
42 68 1
19 68 1
1 11 1
65 87 1
24 53 1
19 72 1
3 59 1
13 23 1
26 63 1
22 56 1
9 95 1
13 54 1
22 42 1
77 99 1
11 95 1
42 44 1
32 66 1
50 70 1
51 81 1
76 100 1
76 81 1
3 13 1
33 91 1
28 61 1
47 57 1
6 69 1
38 67 1
26 80 1
59 73 1
83 96 1
47 81 1
2 54 1
7 95 1
5 33 1
29 39 1
68 71 1
6 95 1
55 86 1
67 73 1
3 49 1
26 54 1
48 70 1
13 14 1
42 92 1
67 77 1
18 48 1
94 98 1
1 74 1
27 75 1
21 76 1
64 83 1
15 60 1
32 82 1
28 64 1
22 98 1
33 52 1
27 62 1
71 72 1
16 58 1
46 64 1
6 72 1
20 23 1
44 93 1
22 47 1
70 86 1
1 44 1
9 59 1
22 36 1
89 99 1
50 83 1
50 91 1
23 78 1
4 82 1
34 83 1
42 51 1
88 93 1
18 93 1
65 73 1
74 89 1
37 42 1
40 98 1
65 93 1
63 79 1
26 95 1
28 91 1
32 55 1
25 43 1
52 62 1
64 99 1
51 100 1
3 60 1
43 55 1
49 70 1
46 89 1
33 97 1
40 64 1
7 69 1
57 62 1
21 31 1
41 85 1
68 76 1
32 84 1
46 78 1
36 61 1
43 79 1
33 41 1
54 74 1
5 26 1
18 84 1
16 42 1
82 86 1
18 97 1
36 79 1
20 85 1
70 76 1
7 14 1
49 50 1
45 81 1
7 20 1
90 100 1
34 87 1
27 37 1
1 47 1
14 43 1
17 61 1
8 50 1
41 51 1
15 96 1
9 81 1
23 44 1
15 26 1
4 27 1
18 47 1
18 98 1
25 54 1
20 81 1
14 80 1
37 65 1
6 96 1
39 78 1
26 72 1
33 48 1
4 37 1
45 82 1
4 10 1
31 81 1
50 89 1
43 99 1
35 90 1
2 85 1
12 78 1
58 85 1
9 21 1
42 61 1
13 75 1
14 72 1
7 44 1
70 89 1
79 96 1
40 85 1
2 68 1
18 44 1
10 51 1
36 73 1
2 99 1
21 81 1
16 86 1
28 94 1
74 79 1
74 98 1
3 57 1
28 73 1
4 7 1
19 62 1
39 62 1
57 75 1
75 100 1
22 41 1
23 98 1
13 76 1
52 60 1
48 79 1
2 47 1
65 76 1
4 31 1
59 78 1
58 90 1
20 93 1
2 42 1
32 95 1
62 93 1
36 65 1
60 65 1
15 86 1
31 42 1
41 43 1
85 88 1
19 80 1
34 66 1
7 71 1
60 61 1
24 69 1
83 100 1
30 55 1
86 87 1
9 44 1
27 84 1
66 83 1
15 25 1
62 92 1
17 45 1
22 99 1
20 38 1
20 74 1
46 72 1
6 87 1
21 25 1
26 89 1
26 35 1
14 32 1
8 34 1
38 73 1
12 70 1
57 72 1
58 61 1
73 88 1
11 58 1
37 59 1
47 54 1
28 77 1
2 41 1
18 68 1
3 62 1
32 85 1
9 17 1
2 89 1
2 55 1
57 70 1
45 61 1
35 38 1
11 41 1
29 38 1
8 64 1
36 56 1
49 71 1
5 28 1
10 28 1
25 80 1
92 95 1
84 89 1
3 82 1
76 96 1
40 81 1
11 13 1
65 98 1
47 86 1
47 52 1
8 40 1
10 39 1
18 36 1
34 69 1
34 40 1
10 58 1
26 86 1
33 87 1
78 82 1
21 22 1
8 47 1
37 47 1
58 100 1
24 85 1
41 92 1
22 48 1
48 84 1
36 59 1
32 88 1
22 94 1
1 66 1
58 99 1
60 80 1
30 98 1
32 49 1
51 70 1
35 39 1
46 62 1
36 77 1
2 91 1
64 89 1
53 100 1
62 96 1
6 54 1
18 71 1
18 24 1
1 86 1
5 29 1
21 42 1
35 50 1
60 71 1
63 95 1
16 96 1
4 80 1
4 89 1
12 16 1
31 39 1
15 74 1
21 48 1
29 35 1
1 88 1
59 82 1
6 71 1
13 52 1
41 78 1
66 74 1
76 82 1
46 70 1
22 25 1
63 94 1
43 73 1
16 33 1
10 59 1
32 37 1
47 79 1
38 70 1
34 78 1
59 71 1
7 36 1
60 89 1
37 97 1
60 84 1
30 54 1
19 55 1
35 69 1
71 83 1
16 71 1
13 29 1
40 48 1
4 94 1
30 87 1
58 67 1
11 22 1
57 86 1
44 71 1
9 92 1
4 91 1
1 33 1
35 80 1
57 92 1
14 25 1
51 59 1
19 73 1
49 88 1
45 100 1
56 100 1
25 56 1
17 29 1
86 96 1
61 95 1
74 76 1
19 36 1
12 28 1
2 17 1
31 32 1
15 70 1
41 97 1
18 92 1
8 66 1
63 90 1
48 90 1
12 38 1
64 76 1
82 92 1
59 97 1
11 76 1
5 87 1
41 58 1
48 53 1
57 84 1
4 73 1
21 72 1
78 97 1
40 47 1
24 67 1
5 49 1
69 88 1
10 62 1
41 70 1
83 93 1
42 57 1
16 69 1
40 57 1
28 88 1
30 89 1
8 85 1
5 90 1
32 91 1
43 62 1
44 53 1
1 25 1
19 58 1
37 81 1
59 88 1
3 47 1
2 65 1
27 91 1
41 98 1
10 72 1
19 32 1
78 90 1
60 72 1
3 58 1
38 39 1
38 82 1
45 64 1
10 66 1
7 50 1
16 54 1
2 30 1
45 92 1
51 95 1
22 70 1
16 74 1
15 56 1
24 32 1
14 79 1
38 49 1
76 92 1
2 7 1
57 76 1
16 30 1
35 61 1
10 77 1
41 100 1
38 87 1
49 92 1
13 64 1
3 61 1
5 56 1
50 53 1
86 89 1
21 67 1
16 17 1
23 33 1
28 71 1
43 85 1
59 60 1
48 77 1
34 89 1
15 41 1
1 19 1
71 97 1
28 80 1
51 88 1
38 56 1
39 86 1
9 25 1
8 11 1
24 79 1
37 39 1
7 84 1
17 58 1
35 72 1
49 61 1
24 30 1
21 43 1
5 31 1
41 65 1
10 96 1
6 20 1
46 76 1
7 12 1
28 47 1
71 98 1
29 88 1
31 79 1
39 63 1
9 61 1
69 70 1
2 81 1
41 42 1
36 40 1
36 49 1
20 72 1
68 95 1
25 95 1
16 99 1
3 18 1
26 52 1
32 53 1
14 28 1
57 68 1
57 93 1
18 34 1
54 86 1
82 91 1
1 16 1
56 85 1
10 31 1
27 57 1
45 56 1
53 85 1
50 72 1
45 85 1
5 74 1
6 31 1
76 79 1
8 63 1
51 80 1
42 47 1
30 46 1
47 50 1
39 83 1
68 90 1
38 85 1
46 82 1
32 79 1
72 88 1
62 99 1
85 87 1
34 95 1
72 92 1
43 50 1
1 78 1
23 67 1
65 78 1
27 50 1
60 77 1
37 71 1
2 20 1
5 9 1
1 59 1
4 5 1
55 56 1
12 46 1
63 87 1
64 74 1
27 61 1
21 33 1
54 65 1
20 80 1
84 98 1
45 62 1
10 24 1
24 78 1
12 77 1
22 74 1
34 64 1
58 63 1
88 97 1
66 70 1
20 57 1
88 91 1
1 71 1
35 91 1
35 51 1
7 29 1
14 77 1
74 100 1
48 93 1
19 52 1
15 65 1
43 63 1
49 75 1
31 58 1
80 98 1
29 96 1
38 75 1
12 23 1
62 91 1
79 85 1
42 66 1
79 100 1
44 83 1
30 70 1
14 74 1
62 73 1
18 38 1
22 79 1
47 78 1
12 50 1
9 53 1
20 88 1
29 53 1
35 73 1
36 84 1
62 78 1
30 99 1
2 31 1
71 77 1
24 34 1
18 42 1
26 47 1
87 100 1
16 100 1
41 72 1
5 36 1
64 79 1
21 61 1
72 89 1
68 81 1
27 58 1
58 97 1
24 55 1
33 80 1
30 79 1
43 54 1
3 36 1
89 91 1
61 100 1
35 79 1
4 90 1
93 94 1
67 88 1
13 33 1
40 94 1
55 72 1
14 62 1
13 51 1
91 95 1
43 82 1
23 76 1
58 93 1
59 65 1
6 63 1
48 50 1
14 98 1
17 72 1
65 71 1
68 92 1
5 69 1
30 78 1
42 88 1
11 66 1
31 65 1
58 72 1
67 85 1
4 53 1
75 79 1
33 78 1
40 43 1
4 69 1
32 76 1
9 77 1
40 73 1
52 78 1
52 74 1
18 61 1
50 92 1
48 66 1
77 93 1
47 65 1
40 93 1
13 17 1
30 40 1
18 39 1
31 57 1
6 11 1
42 48 1
40 59 1
24 43 1
29 66 1
33 73 1
49 63 1
60 87 1
67 80 1
61 89 1
1 58 1
60 100 1
16 22 1
52 53 1
72 98 1
3 63 1
17 90 1
67 79 1
3 91 1
14 40 1
48 72 1
5 11 1
9 30 1
20 21 1
84 93 1
16 25 1
68 89 1
77 84 1
6 62 1
56 69 1
76 98 1
26 57 1
69 76 1
4 18 1
43 74 1
67 68 1
3 17 1
15 22 1
24 100 1
41 54 1
17 98 1
78 81 1
69 99 1
12 35 1
39 48 1
61 87 1
96 100 1
78 83 1
15 69 1
18 81 1
5 77 1
58 78 1
40 77 1
78 92 1
20 82 1
52 56 1
39 100 1
26 32 1
17 93 1
6 94 1
10 85 1
43 84 1
3 42 1
29 45 1
30 61 1
36 39 1
43 66 1
20 32 1
19 76 1
10 81 1
21 87 1
35 59 1
22 43 1
46 47 1
20 66 1
28 30 1
38 83 1
48 81 1
27 79 1
74 81 1
7 58 1
76 80 1
10 98 1
32 86 1
13 81 1
3 54 1
16 56 1
1 41 1
8 43 1
16 50 1
14 26 1
51 69 1
58 96 1
50 99 1
8 24 1
13 100 1
56 73 1
37 95 1
10 57 1
50 69 1
46 83 1
40 58 1
13 94 1
42 90 1
31 56 1
43 61 1
19 39 1
53 90 1
2 75 1
12 81 1
53 86 1
65 68 1
18 89 1
52 94 1
42 87 1
16 89 1
29 72 1
17 80 1
54 62 1
11 39 1
7 73 1
48 52 1
18 59 1
56 67 1
29 92 1
18 32 1
99 100 1
4 29 1
18 19 1
14 87 1
10 63 1
25 48 1
27 81 1
10 23 1
24 44 1
32 69 1
15 18 1
19 94 1
1 55 1
59 80 1
23 48 1
26 48 1
14 82 1
13 16 1
15 84 1
69 95 1
16 38 1
31 73 1
34 36 1
14 57 1
36 90 1
19 65 1
60 83 1
34 55 1
65 69 1
74 90 1
63 100 1
48 94 1
6 9 1
21 85 1
54 55 1
7 91 1
46 90 1
7 39 1
6 43 1
5 8 1
25 39 1
28 63 1
2 94 1
76 83 1
41 50 1
18 72 1
4 11 1
28 72 1
23 80 1
43 49 1
3 14 1
62 66 1
25 62 1
82 89 1
41 89 1
9 76 1
29 93 1
16 19 1
24 97 1
44 76 1
55 81 1
87 91 1
43 100 1
52 67 1
16 68 1
70 92 1
20 31 1
16 77 1
12 67 1
69 98 1
12 29 1
64 90 1
17 86 1
56 63 1
16 35 1
6 83 1
35 71 1
14 94 1
54 96 1
47 90 1
48 89 1
8 44 1
31 93 1
41 60 1
6 33 1
9 28 1
76 90 1
79 98 1
36 83 1
5 50 1
2 50 1
11 92 1
85 90 1
57 66 1
1 77 1
15 85 1
40 52 1
56 65 1
16 39 1
32 41 1
68 82 1
83 84 1
1 7 1
11 77 1
8 35 1
12 73 1
74 83 1
31 63 1
26 49 1
24 65 1
62 79 1
23 75 1
2 40 1
2 28 1
22 58 1
34 98 1
61 68 1
5 40 1
90 93 1
46 84 1
61 71 1
29 40 1
10 42 1
25 82 1
27 83 1
48 91 1
58 76 1
16 82 1
56 91 1
25 79 1
16 27 1
39 70 1
23 36 1
52 70 1
7 18 1
40 87 1
27 64 1
21 100 1
11 51 1
71 89 1
33 94 1
34 91 1
12 44 1
6 35 1
9 62 1
27 47 1
20 25 1
54 85 1
48 65 1
31 92 1
51 89 1
73 98 1
68 91 1
25 72 1
63 74 1
73 74 1
1 54 1
2 53 1
38 74 1
72 86 1
78 79 1
31 88 1
54 56 1
38 51 1
65 66 1
14 60 1
16 88 1
20 78 1
38 92 1
24 60 1
27 35 1
9 50 1
27 44 1
11 87 1
4 52 1
43 64 1
40 46 1
11 67 1
36 50 1
33 62 1
77 78 1
62 80 1
25 98 1
52 90 1
50 78 1
55 85 1
8 81 1
19 95 1
35 48 1
78 80 1
38 45 1
10 38 1
64 88 1
47 60 1
53 57 1
39 50 1
26 55 1
25 75 1
7 46 1
48 67 1
14 51 1
13 79 1
14 39 1
46 55 1
54 73 1
4 46 1
30 95 1
33 53 1
17 69 1
4 83 1
72 82 1
86 100 1
8 78 1
37 61 1
55 84 1
24 48 1
28 38 1
14 71 1
45 76 1
75 83 1
4 62 1
20 44 1
48 54 1
50 88 1
28 69 1
81 90 1
15 45 1
19 50 1
13 87 1
52 97 1
41 63 1
15 66 1
94 99 1
26 59 1
49 78 1
45 58 1
6 98 1
37 62 1
86 97 1
35 63 1
65 97 1
7 25 1
51 91 1
83 97 1
69 83 1
19 22 1
17 24 1
14 61 1
17 52 1
24 98 1
10 16 1
31 96 1
43 48 1
11 40 1
13 91 1
9 99 1
34 37 1
23 92 1
27 51 1
7 41 1
15 48 1
55 83 1
33 47 1
38 42 1
38 54 1
81 87 1
1 40 1
29 61 1
27 31 1
43 80 1
29 37 1
71 78 1
14 20 1
55 79 1
61 88 1
10 67 1
33 71 1
58 86 1
31 40 1
21 64 1
34 61 1
45 78 1
56 89 1
6 61 1
1 98 1
49 95 1
64 68 1
7 45 1
6 21 1
60 91 1
25 74 1
28 40 1
4 78 1
86 91 1
54 58 1
71 73 1
39 56 1
40 67 1
75 82 1
23 52 1
28 90 1
41 66 1
16 80 1
46 87 1
48 61 1
73 96 1
17 62 1
30 33 1
23 56 1
2 21 1
17 38 1
48 96 1
58 82 1
23 88 1
30 77 1
42 72 1
70 96 1
31 49 1
22 90 1
16 24 1
27 78 1
50 80 1
31 66 1
80 82 1
13 85 1
23 62 1
57 90 1
37 46 1
28 49 1
76 87 1
1 27 1
19 77 1
69 79 1
5 37 1
19 64 1
40 54 1
57 96 1
69 72 1
51 78 1
38 84 1
17 40 1
9 36 1
7 27 1
36 89 1
30 68 1
90 99 1
25 55 1
26 69 1
33 51 1
17 68 1
64 97 1
21 29 1
28 83 1
61 64 1
72 96 1
18 21 1
58 73 1
17 78 1
69 85 1
12 30 1
11 98 1
14 85 1
1 51 1
7 15 1
57 99 1
38 69 1
45 66 1
80 92 1
32 80 1
2 79 1
96 99 1
30 82 1
38 94 1
50 95 1
23 60 1
26 93 1
15 51 1
28 93 1
80 96 1
53 72 1
76 94 1
52 68 1
62 65 1
59 94 1
60 68 1
33 56 1
39 58 1
17 18 1
28 41 1
15 58 1
59 100 1
20 39 1
25 100 1
29 54 1
78 96 1
76 97 1
35 86 1
55 63 1
64 73 1
9 33 1
11 61 1
21 46 1
28 76 1
2 22 1
51 77 1
59 98 1
3 45 1
26 100 1
17 55 1
30 94 1
37 54 1
1 53 1
3 68 1
5 86 1
70 100 1
13 46 1
32 63 1
29 57 1
57 61 1
69 96 1
49 59 1
72 90 1
36 92 1
35 74 1
31 43 1
9 34 1
49 86 1
6 13 1
70 82 1
78 87 1
32 42 1
32 51 1
19 38 1
50 51 1
47 48 1
12 51 1
9 52 1
30 41 1
40 71 1
19 42 1
27 66 1
36 58 1
22 23 1
24 26 1
83 95 1
53 94 1
28 65 1
24 35 1
16 34 1
2 45 1
12 98 1
2 92 1
60 93 1
5 45 1
42 62 1
36 53 1
5 91 1
33 76 1
3 10 1
37 83 1
5 78 1
82 98 1
12 17 1
14 92 1
43 65 1
9 39 1
27 73 1
18 99 1
64 75 1
66 85 1
25 31 1
4 45 1
55 71 1
8 57 1
40 51 1
79 93 1
39 55 1
5 88 1
4 48 1
46 73 1
20 45 1
1 83 1
79 84 1
12 37 1
18 35 1
35 47 1
10 19 1
8 80 1
58 59 1
8 27 1
12 89 1
40 95 1
60 67 1
4 68 1
13 72 1
32 71 1
51 74 1
1 84 1
15 77 1
71 100 1
12 43 1
8 83 1
21 28 1
77 81 1
26 42 1
20 29 1
72 87 1
9 100 1
43 93 1
16 32 1
34 88 1
35 54 1
37 56 1
15 16 1
3 25 1
47 66 1
24 37 1
22 66 1
31 54 1
71 76 1
72 100 1
47 82 1
4 13 1
31 52 1
70 79 1
79 90 1
41 56 1
54 90 1
59 81 1
74 78 1
44 90 1
61 94 1
28 62 1
24 91 1
83 91 1
1 26 1
31 33 1
21 45 1
6 99 1
20 67 1
44 86 1
67 96 1
25 28 1
63 89 1
34 45 1
20 61 1
19 34 1
3 11 1
7 40 1
54 57 1
28 29 1
2 13 1
35 53 1
76 84 1
34 67 1
41 55 1
56 93 1
36 44 1
49 89 1
36 74 1
3 98 1
4 93 1
16 83 1
50 100 1
3 78 1
7 89 1
39 71 1
33 54 1
44 63 1
48 97 1
13 18 1
6 37 1
36 72 1
44 91 1
5 95 1
19 75 1
9 46 1
27 82 1
90 98 1
35 49 1
10 84 1
42 99 1
77 80 1
41 64 1
18 65 1
22 49 1
69 77 1
16 26 1
23 82 1
24 84 1
54 94 1
31 95 1
21 66 1
46 52 1
55 69 1
3 31 1
15 27 1
5 22 1
41 74 1
49 60 1
25 26 1
32 33 1
28 39 1
13 50 1
77 92 1
57 65 1
24 56 1
26 61 1
20 89 1
53 76 1
20 91 1
30 71 1
33 89 1
36 69 1
39 72 1
82 87 1
94 95 1
12 40 1
34 39 1
51 75 1
8 56 1
41 47 1
15 64 1
37 80 1
4 99 1
45 87 1
19 23 1
70 77 1
31 74 1
88 100 1
2 3 1
29 36 1
28 32 1
16 28 1
25 40 1
23 26 1
51 93 1
11 21 1
93 98 1
9 29 1
1 93 1
89 94 1
61 93 1
10 48 1
69 90 1
11 53 1
38 99 1
4 30 1
75 81 1
36 75 1
65 75 1
8 25 1
67 69 1
49 72 1
25 59 1
72 79 1
8 22 1
13 36 1
12 57 1
81 97 1
60 76 1
38 86 1
42 82 1
3 15 1
80 87 1
55 91 1
56 59 1
17 42 1
44 85 1
47 93 1
44 96 1
47 49 1
20 37 1
9 90 1
25 30 1
34 60 1
31 35 1
31 62 1
16 41 1
34 99 1
22 82 1
9 88 1
2 16 1
26 38 1
11 45 1
1 87 1
42 97 1
71 96 1
19 82 1
15 57 1
64 96 1
7 24 1
32 57 1
36 62 1
79 95 1
5 34 1
81 82 1
6 82 1
23 94 1
2 90 1
42 94 1
14 29 1
2 95 1
60 74 1
37 67 1
13 41 1
42 86 1
9 67 1
9 38 1
8 26 1
7 99 1
47 95 1
4 97 1
79 86 1
35 84 1
69 82 1
64 91 1
12 97 1
2 64 1
14 93 1
71 93 1
16 59 1
19 71 1
24 96 1
22 86 1
35 87 1
18 63 1
92 94 1
60 97 1
43 77 1
54 78 1
83 94 1
19 27 1
49 68 1
3 38 1
35 60 1
53 66 1
37 100 1
36 70 1
13 15 1
4 25 1
17 51 1
16 70 1
50 98 1
41 52 1
19 84 1
33 79 1
38 96 1
6 32 1
55 68 1
34 80 1
14 68 1
15 91 1
13 73 1
15 55 1
38 90 1
6 46 1
55 74 1
51 61 1
78 91 1
8 88 1
1 35 1
10 97 1
7 10 1
47 89 1
9 23 1
59 83 1
20 33 1
24 99 1
21 27 1
48 80 1
35 81 1
68 72 1
72 81 1
14 38 1
35 58 1
18 79 1
34 72 1
24 74 1
2 14 1
56 90 1
63 75 1
11 88 1
51 52 1
17 37 1
47 97 1
26 30 1
54 92 1
33 95 1
21 30 1
86 88 1
10 76 1
6 14 1
1 5 1
29 56 1
45 63 1
49 90 1
4 81 1
72 91 1
38 43 1
46 93 1
2 9 1
66 87 1
44 97 1
40 62 1
13 57 1
87 89 1
8 75 1
4 32 1
13 45 1
17 34 1
16 92 1
67 82 1
34 57 1
45 69 1
10 25 1
89 96 1
24 45 1
81 85 1
10 40 1
37 49 1
53 89 1
29 76 1
22 80 1
72 75 1
13 55 1
41 67 1
84 88 1
7 65 1
25 94 1
16 64 1
39 97 1
65 79 1
32 54 1
72 73 1
11 78 1
8 89 1
53 60 1
19 51 1
6 22 1
9 89 1
6 75 1
30 72 1
9 56 1
8 86 1
10 46 1
6 7 1
49 83 1
46 57 1
34 42 1
28 100 1
25 36 1
28 99 1
70 99 1
13 86 1
11 38 1
16 47 1
47 80 1
35 44 1
63 91 1
62 89 1
43 59 1
15 31 1
69 75 1
15 37 1
62 100 1
15 67 1
32 64 1
41 90 1
15 42 1
3 41 1
53 55 1
10 86 1
41 45 1
18 25 1
26 33 1
46 96 1
55 67 1
19 92 1
29 91 1
19 98 1
60 95 1
56 95 1
56 70 1
50 86 1
23 39 1
34 54 1
3 71 1
16 18 1
82 85 1
6 70 1
87 93 1
65 83 1
85 91 1
1 89 1
70 90 1
22 69 1
19 69 1
50 77 1
88 99 1
70 93 1
37 68 1
16 60 1
5 85 1
67 72 1
24 39 1
44 56 1
46 92 1
55 90 1
41 82 1
6 50 1
32 34 1
14 41 1
20 51 1
27 76 1
46 58 1
55 64 1
14 96 1
57 64 1
3 53 1
57 63 1
12 92 1
6 65 1
35 100 1
29 90 1
53 67 1
20 100 1
37 64 1
11 100 1
27 38 1
64 92 1
15 88 1
5 79 1
20 22 1
18 77 1
37 89 1
14 47 1
11 93 1
22 100 1
55 62 1
7 82 1
41 48 1
5 99 1
25 51 1
22 77 1
29 43 1
11 18 1
23 46 1
70 80 1
1 18 1
93 99 1
7 64 1
19 97 1
72 95 1
64 84 1
36 63 1
42 58 1
57 85 1
34 79 1
15 100 1
26 81 1
62 84 1
8 18 1
75 86 1
40 60 1
24 33 1
58 71 1
23 89 1
24 80 1
74 80 1
69 100 1
6 10 1
1 30 1
12 32 1
3 75 1
32 48 1
48 99 1
17 20 1
66 81 1
37 51 1
27 42 1
37 41 1
22 55 1
6 30 1
64 72 1
11 70 1
16 62 1
19 85 1
41 68 1
43 87 1
39 57 1
75 91 1
27 63 1
29 74 1
77 83 1
11 28 1
88 90 1
80 95 1
55 57 1
1 46 1
4 43 1
2 83 1
51 68 1
40 97 1
13 84 1
5 71 1
6 17 1
75 85 1
59 89 1
39 47 1
20 50 1
18 90 1
31 47 1
45 98 1
47 69 1
15 21 1
24 27 1
57 89 1
35 97 1
12 18 1
28 56 1
18 27 1
38 93 1
22 62 1
19 88 1
30 42 1
59 74 1
83 85 1
9 35 1
29 73 1
17 60 1
38 68 1
58 92 1
52 71 1
51 86 1
30 83 1
53 81 1
45 70 1
44 51 1
29 46 1
18 66 1
42 93 1
8 12 1
83 98 1
35 99 1
16 93 1
63 78 1
56 94 1
36 66 1
73 100 1
8 97 1
3 88 1
29 33 1
70 83 1
29 81 1
29 94 1
31 69 1
19 70 1
9 87 1
16 61 1
46 56 1
13 19 1
12 47 1
62 85 1
23 86 1
48 51 1
3 96 1
5 20 1
61 65 1
48 64 1
60 81 1
68 73 1
82 95 1
27 52 1
30 73 1
1 73 1
21 51 1
22 91 1
10 37 1
30 50 1
49 67 1
20 97 1
22 32 1
94 96 1
10 41 1
62 69 1
15 54 1
3 23 1
5 80 1
12 27 1
59 87 1
54 72 1
34 86 1
36 82 1
30 36 1
65 85 1
7 16 1
40 90 1
2 48 1
76 91 1
2 88 1
34 41 1
80 88 1
84 86 1
12 14 1
3 28 1
7 56 1
30 43 1
48 87 1
60 75 1
6 51 1
36 46 1
40 65 1
30 63 1
61 81 1
20 95 1
55 93 1
23 25 1
42 45 1
24 89 1
16 85 1
9 11 1
21 93 1
28 37 1
47 77 1
26 74 1
56 81 1
18 57 1
5 32 1
73 78 1
57 80 1
10 73 1
3 76 1
81 96 1
82 94 1
24 41 1
47 71 1
54 84 1
22 60 1
79 88 1
42 80 1
26 73 1
21 35 1
58 64 1
53 62 1
90 97 1
54 64 1
66 99 1
61 97 1
7 42 1
1 90 1
29 71 1
37 91 1
38 57 1
22 31 1
42 52 1
31 53 1
33 61 1
45 73 1
19 100 1
70 97 1
38 52 1
2 51 1
35 77 1
14 69 1
45 47 1
66 78 1
14 56 1
7 93 1
34 96 1
25 66 1
7 17 1
65 90 1
12 68 1
39 93 1
5 39 1
17 96 1
77 88 1
39 75 1
49 99 1
24 86 1
22 39 1
25 86 1
4 28 1
3 33 1
1 85 1
13 96 1
34 50 1
16 23 1
22 89 1
10 89 1
92 96 1
50 62 1
44 79 1
10 91 1
15 47 1
25 93 1
18 40 1
78 88 1
28 66 1
74 75 1
15 49 1
17 92 1
13 98 1
31 90 1
46 53 1
10 50 1
38 89 1
15 81 1
17 43 1
36 94 1
68 98 1
45 48 1
85 93 1
54 71 1
69 84 1
29 64 1
72 74 1
2 78 1
17 22 1
37 92 1
55 70 1
42 49 1
21 98 1
62 77 1
33 90 1
41 79 1
79 83 1
58 94 1
22 87 1
5 58 1
85 86 1
46 71 1
71 91 1
64 81 1
34 84 1
19 41 1
25 89 1
27 96 1
3 89 1
12 22 1
9 85 1
25 45 1
56 72 1
24 72 1
53 98 1
6 100 1
77 82 1
36 52 1
9 72 1
9 96 1
3 27 1
33 63 1
19 37 1
79 82 1
11 17 1
65 82 1
65 84 1
39 65 1
51 65 1
70 95 1
64 85 1
41 46 1
84 96 1
45 77 1
30 57 1
51 96 1
11 33 1
32 39 1
5 38 1
33 36 1
19 24 1
7 90 1
26 34 1
32 58 1
1 3 1
3 32 1
33 44 1
56 60 1
26 28 1
23 96 1
18 88 1
12 56 1
40 96 1
42 84 1
60 79 1
29 32 1
44 65 1
49 64 1
53 99 1
21 40 1
35 64 1
6 97 1
50 79 1
56 68 1
3 44 1
77 86 1
4 79 1
30 39 1
91 92 1
12 100 1
13 83 1
24 90 1
42 71 1
18 82 1
32 65 1
1 61 1
28 58 1
21 78 1
13 63 1
43 88 1
17 77 1
10 18 1
61 69 1
1 91 1
74 95 1
5 89 1
49 74 1
11 72 1
56 76 1
46 66 1
18 52 1
10 90 1
71 81 1
61 72 1
22 67 1
97 98 1
1 42 1
38 63 1
15 82 1
20 76 1
8 91 1
7 22 1
60 70 1
49 97 1
11 73 1
16 43 1
12 39 1
25 42 1
1 63 1
5 17 1
1 70 1
21 39 1
7 59 1
64 93 1
18 37 1
69 97 1
54 61 1
57 98 1
23 28 1
51 72 1
66 79 1
13 39 1
36 80 1
1 50 1
31 97 1
7 75 1
3 51 1
6 44 1
87 96 1
92 97 1
64 78 1
85 96 1
32 68 1
73 89 1
98 100 1
13 65 1
54 70 1
5 52 1
73 79 1
4 55 1
58 69 1
30 74 1
15 52 1
50 87 1
42 74 1
