250
81 192 1
150 240 1
26 194 1
156 222 1
114 146 1
80 219 1
121 244 1
20 212 1
95 185 1
58 146 1
81 171 1
118 175 1
128 229 1
73 146 1
83 158 1
7 17 1
76 248 1
99 161 1
66 92 1
34 136 1
6 56 1
120 123 1
187 226 1
114 197 1
57 115 1
63 177 1
56 230 1
15 99 1
31 111 1
21 117 1
54 147 1
106 150 1
49 170 1
167 215 1
41 95 1
164 245 1
16 204 1
17 186 1
31 74 1
51 188 1
9 126 1
70 215 1
1 154 1
153 226 1
114 119 1
147 189 1
95 164 1
91 218 1
73 222 1
83 215 1
213 240 1
28 166 1
159 180 1
152 197 1
111 200 1
81 180 1
14 189 1
22 126 1
110 240 1
10 200 1
82 187 1
64 228 1
84 210 1
74 111 1
63 207 1
33 99 1
1 213 1
65 72 1
16 166 1
112 234 1
153 218 1
86 135 1
42 93 1
50 163 1
6 42 1
31 98 1
23 235 1
19 163 1
100 187 1
170 174 1
1 173 1
115 177 1
184 242 1
108 132 1
77 163 1
10 176 1
43 52 1
134 175 1
53 242 1
165 194 1
102 160 1
14 190 1
84 193 1
82 176 1
168 245 1
71 135 1
43 85 1
63 113 1
101 212 1
168 205 1
64 179 1
190 219 1
210 226 1
185 190 1
76 156 1
156 207 1
102 135 1
134 141 1
150 206 1
205 215 1
57 166 1
51 108 1
192 247 1
63 111 1
10 105 1
43 213 1
125 191 1
137 238 1
17 227 1
91 152 1
91 190 1
140 235 1
156 198 1
82 239 1
149 225 1
39 225 1
127 193 1
104 118 1
81 188 1
90 107 1
159 166 1
60 209 1
32 222 1
14 174 1
83 216 1
188 213 1
80 220 1
72 148 1
33 51 1
109 197 1
4 146 1
75 132 1
54 73 1
27 139 1
73 162 1
20 90 1
23 213 1
31 242 1
180 199 1
107 173 1
31 229 1
21 60 1
144 164 1
73 183 1
126 242 1
3 206 1
44 162 1
45 127 1
52 114 1
127 191 1
105 128 1
46 211 1
3 235 1
13 189 1
97 178 1
90 222 1
141 173 1
12 190 1
181 248 1
173 183 1
32 49 1
47 177 1
75 80 1
52 129 1
57 232 1
8 209 1
1 152 1
12 168 1
40 212 1
108 135 1
118 218 1
142 179 1
26 59 1
13 235 1
44 102 1
177 227 1
17 22 1
52 113 1
82 202 1
161 216 1
85 206 1
59 136 1
198 237 1
105 114 1
23 219 1
35 240 1
187 217 1
21 57 1
10 37 1
184 188 1
97 151 1
1 60 1
169 178 1
70 210 1
48 177 1
21 145 1
41 111 1
184 227 1
28 231 1
20 74 1
28 152 1
92 166 1
2 185 1
56 92 1
59 236 1
17 153 1
66 94 1
189 197 1
48 196 1
226 234 1
59 233 1
180 183 1
83 218 1
14 198 1
62 250 1
175 213 1
16 159 1
197 243 1
230 240 1
85 221 1
200 219 1
71 86 1
8 14 1
74 227 1
177 222 1
115 193 1
93 124 1
71 98 1
36 117 1
71 95 1
35 50 1
91 219 1
91 212 1
52 85 1
79 160 1
50 136 1
85 147 1
109 135 1
2 245 1
25 126 1
107 144 1
30 176 1
31 80 1
75 233 1
162 193 1
34 91 1
70 86 1
86 184 1
19 38 1
10 49 1
68 233 1
57 120 1
96 151 1
36 86 1
36 59 1
12 44 1
36 206 1
73 249 1
166 171 1
15 52 1
78 113 1
97 163 1
121 234 1
178 209 1
24 227 1
103 165 1
3 98 1
14 185 1
30 150 1
80 236 1
127 165 1
7 8 1
165 244 1
125 216 1
58 217 1
104 111 1
41 81 1
91 235 1
53 208 1
46 208 1
62 181 1
85 107 1
80 169 1
88 117 1
75 248 1
111 161 1
128 158 1
102 125 1
54 152 1
102 241 1
185 204 1
90 94 1
147 235 1
26 142 1
234 249 1
172 246 1
73 129 1
78 116 1
7 230 1
93 152 1
73 246 1
3 95 1
208 244 1
76 196 1
91 226 1
1 219 1
30 199 1
78 204 1
18 160 1
33 107 1
18 180 1
11 83 1
113 118 1
5 66 1
81 237 1
33 61 1
49 84 1
26 49 1
98 173 1
59 100 1
8 156 1
62 95 1
22 50 1
137 249 1
25 39 1
48 65 1
167 206 1
63 72 1
112 229 1
49 122 1
2 215 1
59 182 1
59 130 1
134 212 1
15 188 1
7 57 1
204 247 1
175 218 1
138 225 1
21 22 1
22 46 1
11 237 1
166 198 1
108 118 1
3 229 1
6 32 1
7 216 1
151 209 1
160 243 1
145 192 1
76 175 1
169 181 1
78 148 1
225 236 1
152 180 1
43 140 1
76 103 1
150 207 1
90 159 1
210 246 1
69 168 1
111 126 1
17 129 1
88 89 1
25 93 1
42 78 1
47 61 1
47 60 1
54 107 1
209 215 1
3 51 1
232 237 1
40 179 1
145 167 1
224 226 1
44 90 1
154 159 1
200 217 1
134 174 1
43 130 1
165 203 1
109 206 1
38 129 1
56 80 1
37 219 1
132 244 1
200 250 1
64 229 1
152 250 1
173 197 1
45 217 1
100 216 1
40 95 1
115 130 1
201 238 1
88 204 1
89 201 1
28 182 1
116 168 1
48 123 1
52 167 1
53 169 1
105 203 1
69 228 1
176 190 1
135 209 1
9 244 1
109 112 1
135 146 1
37 84 1
71 207 1
1 198 1
10 77 1
89 153 1
133 135 1
122 170 1
32 75 1
84 232 1
108 181 1
8 222 1
132 224 1
59 249 1
166 185 1
98 205 1
101 215 1
38 200 1
73 86 1
18 240 1
110 187 1
30 145 1
199 240 1
60 234 1
68 133 1
100 215 1
101 181 1
137 230 1
18 196 1
96 216 1
94 180 1
14 194 1
117 183 1
26 155 1
71 117 1
13 42 1
94 243 1
94 165 1
20 135 1
44 147 1
170 172 1
244 249 1
152 205 1
71 72 1
35 215 1
1 33 1
86 246 1
37 245 1
44 219 1
30 147 1
97 240 1
54 59 1
88 198 1
82 190 1
14 66 1
24 25 1
89 206 1
201 241 1
53 190 1
15 213 1
145 240 1
136 168 1
211 236 1
182 191 1
125 235 1
14 53 1
51 155 1
114 193 1
34 235 1
53 135 1
113 225 1
11 159 1
197 209 1
3 8 1
50 179 1
102 161 1
57 188 1
150 238 1
4 166 1
173 225 1
154 179 1
56 146 1
71 124 1
156 190 1
59 235 1
145 181 1
145 221 1
25 73 1
47 153 1
109 208 1
116 200 1
159 205 1
153 212 1
58 144 1
190 226 1
14 108 1
18 114 1
1 103 1
100 112 1
16 146 1
61 64 1
233 241 1
18 203 1
36 94 1
20 215 1
76 151 1
68 104 1
84 153 1
21 31 1
47 183 1
77 103 1
172 176 1
191 206 1
1 101 1
11 213 1
12 26 1
18 250 1
101 153 1
9 158 1
10 34 1
19 184 1
1 104 1
33 81 1
204 219 1
152 156 1
137 142 1
117 121 1
131 244 1
88 223 1
35 191 1
40 201 1
37 74 1
152 200 1
164 223 1
166 250 1
25 237 1
15 101 1
6 77 1
47 165 1
79 232 1
89 222 1
45 91 1
111 170 1
35 38 1
135 167 1
35 57 1
10 113 1
125 211 1
138 177 1
7 67 1
103 133 1
11 150 1
72 180 1
52 160 1
152 178 1
86 163 1
48 200 1
19 74 1
64 227 1
47 164 1
2 198 1
120 220 1
106 157 1
53 97 1
138 165 1
8 46 1
133 220 1
117 220 1
98 168 1
78 219 1
2 62 1
45 89 1
101 165 1
215 236 1
47 225 1
99 248 1
111 209 1
102 187 1
62 93 1
22 181 1
5 197 1
134 146 1
38 54 1
63 199 1
43 105 1
138 226 1
23 207 1
189 210 1
90 150 1
57 248 1
99 160 1
64 213 1
71 137 1
96 164 1
141 223 1
168 176 1
83 113 1
73 248 1
105 118 1
103 120 1
43 236 1
138 206 1
94 196 1
11 102 1
155 247 1
4 62 1
62 171 1
90 114 1
70 168 1
57 206 1
66 100 1
33 37 1
25 68 1
60 185 1
158 197 1
128 217 1
175 219 1
19 247 1
38 210 1
29 55 1
114 234 1
24 208 1
43 54 1
219 237 1
142 233 1
101 192 1
3 57 1
138 184 1
191 197 1
99 164 1
4 248 1
202 213 1
31 46 1
72 200 1
15 207 1
5 206 1
91 148 1
39 108 1
8 205 1
172 177 1
92 249 1
34 150 1
65 119 1
155 167 1
34 38 1
96 225 1
32 226 1
171 225 1
84 86 1
151 185 1
90 226 1
86 170 1
187 236 1
104 106 1
161 225 1
156 241 1
35 64 1
130 184 1
157 245 1
174 220 1
175 228 1
13 155 1
66 87 1
191 210 1
198 241 1
55 79 1
38 42 1
40 47 1
50 189 1
7 85 1
182 213 1
91 128 1
54 229 1
8 56 1
18 200 1
38 55 1
63 190 1
23 222 1
17 43 1
124 201 1
129 204 1
159 190 1
201 211 1
55 85 1
133 169 1
172 211 1
145 211 1
97 107 1
159 218 1
7 104 1
178 234 1
166 172 1
158 160 1
29 247 1
28 169 1
142 162 1
215 224 1
43 170 1
26 36 1
114 174 1
45 171 1
53 59 1
227 239 1
195 212 1
34 67 1
20 49 1
6 213 1
144 167 1
131 215 1
128 134 1
111 226 1
7 51 1
100 141 1
95 224 1
175 188 1
56 158 1
186 193 1
109 171 1
48 74 1
4 31 1
23 204 1
98 112 1
235 244 1
232 236 1
188 191 1
131 133 1
103 200 1
46 174 1
22 39 1
36 213 1
5 185 1
171 229 1
81 168 1
57 225 1
94 244 1
20 30 1
32 74 1
122 143 1
36 130 1
65 156 1
86 139 1
120 171 1
50 225 1
38 47 1
123 179 1
26 224 1
7 217 1
42 99 1
57 106 1
58 117 1
21 107 1
210 240 1
140 174 1
86 101 1
88 221 1
140 173 1
28 77 1
154 244 1
49 163 1
21 40 1
150 186 1
192 235 1
117 165 1
79 240 1
30 101 1
159 183 1
35 234 1
28 173 1
21 74 1
140 221 1
23 54 1
198 211 1
118 207 1
57 209 1
17 131 1
59 146 1
85 243 1
24 159 1
67 76 1
19 177 1
81 249 1
28 75 1
120 233 1
47 197 1
167 204 1
64 115 1
68 96 1
34 84 1
28 249 1
16 225 1
166 178 1
97 130 1
143 206 1
75 250 1
105 179 1
235 237 1
106 218 1
96 165 1
39 109 1
123 202 1
55 191 1
30 56 1
131 134 1
39 125 1
51 89 1
110 119 1
37 242 1
121 220 1
79 118 1
85 130 1
83 123 1
100 184 1
37 69 1
34 48 1
16 191 1
133 219 1
142 152 1
56 147 1
33 68 1
24 175 1
5 67 1
90 189 1
150 217 1
67 200 1
59 141 1
91 198 1
13 178 1
33 80 1
89 118 1
82 247 1
90 115 1
18 46 1
21 217 1
228 245 1
49 124 1
35 200 1
19 28 1
77 203 1
84 92 1
65 183 1
26 120 1
193 213 1
88 211 1
34 36 1
87 109 1
142 200 1
43 160 1
73 194 1
203 229 1
80 208 1
19 193 1
170 175 1
2 100 1
31 206 1
42 182 1
127 207 1
47 114 1
161 231 1
130 246 1
84 227 1
111 154 1
154 210 1
49 105 1
126 146 1
104 170 1
67 244 1
135 247 1
147 219 1
142 158 1
20 206 1
124 202 1
58 211 1
109 212 1
48 165 1
33 202 1
129 210 1
195 223 1
13 132 1
13 200 1
94 149 1
112 208 1
64 170 1
59 230 1
60 73 1
146 245 1
119 202 1
41 219 1
23 26 1
45 79 1
93 237 1
148 236 1
84 133 1
141 184 1
38 83 1
72 176 1
54 55 1
51 189 1
93 235 1
111 138 1
129 174 1
68 138 1
172 249 1
65 212 1
132 205 1
11 131 1
166 174 1
156 170 1
14 229 1
49 62 1
148 182 1
22 113 1
187 199 1
82 98 1
69 156 1
184 245 1
153 228 1
76 162 1
25 59 1
91 209 1
6 102 1
131 155 1
58 200 1
98 161 1
44 241 1
8 57 1
101 103 1
56 59 1
119 200 1
167 184 1
73 196 1
82 235 1
46 80 1
7 135 1
54 69 1
15 22 1
114 161 1
185 245 1
163 187 1
77 156 1
110 202 1
14 71 1
7 192 1
127 170 1
2 161 1
46 135 1
1 250 1
95 191 1
20 82 1
64 226 1
45 139 1
8 230 1
28 58 1
166 234 1
98 113 1
118 225 1
78 154 1
10 157 1
175 214 1
12 17 1
9 65 1
108 175 1
64 96 1
13 128 1
77 96 1
96 111 1
22 23 1
43 132 1
54 203 1
81 104 1
77 222 1
23 241 1
75 149 1
225 242 1
99 103 1
5 125 1
6 220 1
155 229 1
77 194 1
30 48 1
40 159 1
63 162 1
27 48 1
114 244 1
32 120 1
17 215 1
95 117 1
17 92 1
202 203 1
94 172 1
49 71 1
93 238 1
167 193 1
45 110 1
8 149 1
37 226 1
48 244 1
69 109 1
144 201 1
86 216 1
193 243 1
2 210 1
133 168 1
69 190 1
27 177 1
4 190 1
38 114 1
2 178 1
35 131 1
155 162 1
28 107 1
72 184 1
151 155 1
18 136 1
16 73 1
35 88 1
143 163 1
105 153 1
6 41 1
70 167 1
9 109 1
40 57 1
164 234 1
106 121 1
25 173 1
152 172 1
68 148 1
187 205 1
86 145 1
21 239 1
64 158 1
32 41 1
9 88 1
15 248 1
132 250 1
100 178 1
60 174 1
189 235 1
65 239 1
60 125 1
40 144 1
7 248 1
150 155 1
104 124 1
12 23 1
146 214 1
98 183 1
16 145 1
98 165 1
47 209 1
22 61 1
120 205 1
2 110 1
2 123 1
23 184 1
31 153 1
177 241 1
97 120 1
93 157 1
53 185 1
143 233 1
180 215 1
9 187 1
3 90 1
75 167 1
9 72 1
88 91 1
42 183 1
141 148 1
14 147 1
52 82 1
45 199 1
42 180 1
7 120 1
33 232 1
95 118 1
92 187 1
8 190 1
70 246 1
75 209 1
128 184 1
135 148 1
64 129 1
33 153 1
115 201 1
6 132 1
189 202 1
77 175 1
55 201 1
17 230 1
69 138 1
60 235 1
220 238 1
76 101 1
105 171 1
67 144 1
98 248 1
41 92 1
133 136 1
59 76 1
58 206 1
14 205 1
42 51 1
41 184 1
169 232 1
106 190 1
32 177 1
128 143 1
38 159 1
88 145 1
2 108 1
192 195 1
11 13 1
34 231 1
97 155 1
125 143 1
155 197 1
94 98 1
31 79 1
205 214 1
122 249 1
24 186 1
143 194 1
35 49 1
70 75 1
192 236 1
29 104 1
1 115 1
147 165 1
100 134 1
88 248 1
112 215 1
22 75 1
64 186 1
190 217 1
65 226 1
98 193 1
90 132 1
110 212 1
9 247 1
39 143 1
144 228 1
204 210 1
101 145 1
192 209 1
188 216 1
20 186 1
86 202 1
154 209 1
154 236 1
16 133 1
4 64 1
2 240 1
149 154 1
235 246 1
225 232 1
153 160 1
33 244 1
6 110 1
13 45 1
28 155 1
7 94 1
173 194 1
105 239 1
27 138 1
18 36 1
87 224 1
104 183 1
143 214 1
33 204 1
85 250 1
179 213 1
147 184 1
94 250 1
70 163 1
138 219 1
159 244 1
82 150 1
72 185 1
27 118 1
24 83 1
116 143 1
92 135 1
204 235 1
150 223 1
18 183 1
34 201 1
21 126 1
126 192 1
21 236 1
1 11 1
49 51 1
40 157 1
64 70 1
9 69 1
45 240 1
107 237 1
25 230 1
13 14 1
1 31 1
149 166 1
120 186 1
120 138 1
116 142 1
61 159 1
21 225 1
16 157 1
73 203 1
42 215 1
169 172 1
61 205 1
38 63 1
71 199 1
71 220 1
15 83 1
4 142 1
61 180 1
32 130 1
117 228 1
173 233 1
20 72 1
171 176 1
115 149 1
72 109 1
158 196 1
83 99 1
140 141 1
112 227 1
149 157 1
125 175 1
38 108 1
41 237 1
112 201 1
1 30 1
86 198 1
118 127 1
61 247 1
40 180 1
44 150 1
175 245 1
180 211 1
102 246 1
95 137 1
29 206 1
170 214 1
186 226 1
14 130 1
69 202 1
5 94 1
120 157 1
63 151 1
166 246 1
81 131 1
227 240 1
67 105 1
96 131 1
28 32 1
50 70 1
113 155 1
146 246 1
58 233 1
32 218 1
2 166 1
7 69 1
6 189 1
7 226 1
4 231 1
224 229 1
25 77 1
169 216 1
33 152 1
58 123 1
160 224 1
69 189 1
34 42 1
128 242 1
47 244 1
242 250 1
77 149 1
20 28 1
170 194 1
82 104 1
39 226 1
8 114 1
74 82 1
148 163 1
108 168 1
101 228 1
156 244 1
144 150 1
81 119 1
127 151 1
33 125 1
30 188 1
206 240 1
34 120 1
132 143 1
2 91 1
8 167 1
128 155 1
107 248 1
67 222 1
8 194 1
226 236 1
111 141 1
12 192 1
78 134 1
165 178 1
3 102 1
10 46 1
198 205 1
8 151 1
89 105 1
114 168 1
53 231 1
75 138 1
104 236 1
217 228 1
90 172 1
157 222 1
233 234 1
77 211 1
22 235 1
169 248 1
8 15 1
88 129 1
79 154 1
54 139 1
80 198 1
134 173 1
123 225 1
85 193 1
40 173 1
48 202 1
134 158 1
109 149 1
119 122 1
53 81 1
99 234 1
45 154 1
97 121 1
42 246 1
74 81 1
208 235 1
10 19 1
68 206 1
69 203 1
7 99 1
23 128 1
119 214 1
231 232 1
97 229 1
42 248 1
11 105 1
5 231 1
14 33 1
23 67 1
61 188 1
51 144 1
53 88 1
42 223 1
21 51 1
127 248 1
170 222 1
35 198 1
55 219 1
201 209 1
96 102 1
60 186 1
179 184 1
165 248 1
106 195 1
74 215 1
190 222 1
99 142 1
76 194 1
246 247 1
2 41 1
49 96 1
162 177 1
121 231 1
140 233 1
80 136 1
131 174 1
146 242 1
195 204 1
84 244 1
162 190 1
90 109 1
130 215 1
15 35 1
162 168 1
180 221 1
52 195 1
237 248 1
15 96 1
187 192 1
30 94 1
59 243 1
42 186 1
102 248 1
42 167 1
183 206 1
15 203 1
38 138 1
197 204 1
101 209 1
64 165 1
127 176 1
38 201 1
162 234 1
104 164 1
28 108 1
182 235 1
96 240 1
46 231 1
45 93 1
183 194 1
120 140 1
146 182 1
185 229 1
19 79 1
34 174 1
94 224 1
63 99 1
20 83 1
124 134 1
94 166 1
87 104 1
51 197 1
55 67 1
12 180 1
116 179 1
44 187 1
20 69 1
211 230 1
59 134 1
29 90 1
2 250 1
40 116 1
54 192 1
15 223 1
92 241 1
16 127 1
19 151 1
59 77 1
97 195 1
82 103 1
82 111 1
90 196 1
100 140 1
210 244 1
221 228 1
17 192 1
122 162 1
130 204 1
171 224 1
9 83 1
149 151 1
173 203 1
12 217 1
111 150 1
53 116 1
100 103 1
175 196 1
11 117 1
83 165 1
85 210 1
137 220 1
184 230 1
181 234 1
7 202 1
26 107 1
12 111 1
59 107 1
50 105 1
174 180 1
34 180 1
48 213 1
165 176 1
3 158 1
68 217 1
160 163 1
96 186 1
176 186 1
32 128 1
84 100 1
140 186 1
23 169 1
105 219 1
98 242 1
193 202 1
133 196 1
38 225 1
78 199 1
60 189 1
127 141 1
85 124 1
99 126 1
51 199 1
14 231 1
143 227 1
138 234 1
27 95 1
39 73 1
15 242 1
74 92 1
102 235 1
149 177 1
226 240 1
117 164 1
6 212 1
23 163 1
3 210 1
67 103 1
25 42 1
52 217 1
214 227 1
110 183 1
181 186 1
191 237 1
29 87 1
62 126 1
16 147 1
104 181 1
102 197 1
75 119 1
33 105 1
128 142 1
13 52 1
102 157 1
58 234 1
20 104 1
3 52 1
205 236 1
102 106 1
215 248 1
26 89 1
194 222 1
188 209 1
10 29 1
5 136 1
10 18 1
109 164 1
92 222 1
138 178 1
6 166 1
90 148 1
65 205 1
163 231 1
66 166 1
54 114 1
119 169 1
99 193 1
7 166 1
45 204 1
158 236 1
165 168 1
8 186 1
64 202 1
108 164 1
194 198 1
118 221 1
110 182 1
39 115 1
168 215 1
8 184 1
101 175 1
56 100 1
89 138 1
39 103 1
49 164 1
177 234 1
56 176 1
87 163 1
98 99 1
121 236 1
92 238 1
148 184 1
91 240 1
87 198 1
161 244 1
67 212 1
110 163 1
62 76 1
126 216 1
113 171 1
78 183 1
175 227 1
80 139 1
12 102 1
30 140 1
44 215 1
97 169 1
35 203 1
46 237 1
62 193 1
192 221 1
83 209 1
20 234 1
124 248 1
13 98 1
154 170 1
89 188 1
177 183 1
83 145 1
16 233 1
21 45 1
17 110 1
127 190 1
175 200 1
40 59 1
83 229 1
84 129 1
111 133 1
84 149 1
52 67 1
48 235 1
10 180 1
165 167 1
141 212 1
156 228 1
7 227 1
33 43 1
56 237 1
165 185 1
71 104 1
171 250 1
59 158 1
40 126 1
81 102 1
46 187 1
97 242 1
47 155 1
67 83 1
85 245 1
111 178 1
182 219 1
62 236 1
31 114 1
135 170 1
2 147 1
200 247 1
66 244 1
124 136 1
12 229 1
113 156 1
182 224 1
132 137 1
171 245 1
77 108 1
10 240 1
95 130 1
141 142 1
65 169 1
135 241 1
111 237 1
4 85 1
117 236 1
39 56 1
114 141 1
30 218 1
34 76 1
154 243 1
77 215 1
114 160 1
142 160 1
21 105 1
166 202 1
122 231 1
77 152 1
222 249 1
99 191 1
28 115 1
46 132 1
108 161 1
57 170 1
27 114 1
64 205 1
172 196 1
2 194 1
186 195 1
34 169 1
81 204 1
78 117 1
149 206 1
160 201 1
132 167 1
63 154 1
9 59 1
91 163 1
8 89 1
85 102 1
111 235 1
43 230 1
77 198 1
150 173 1
226 228 1
3 7 1
162 186 1
136 191 1
48 216 1
160 232 1
130 237 1
41 151 1
19 133 1
221 223 1
112 151 1
53 206 1
181 190 1
11 32 1
72 135 1
28 85 1
8 30 1
10 111 1
93 119 1
94 216 1
125 137 1
119 178 1
79 238 1
38 197 1
81 222 1
68 212 1
14 98 1
6 139 1
47 181 1
120 239 1
90 176 1
50 154 1
31 45 1
105 133 1
75 245 1
51 127 1
52 126 1
23 84 1
124 160 1
40 190 1
27 219 1
139 232 1
62 163 1
153 198 1
134 211 1
49 91 1
129 175 1
105 204 1
87 118 1
136 152 1
203 244 1
66 248 1
19 29 1
102 232 1
110 227 1
50 128 1
183 220 1
197 198 1
161 238 1
103 156 1
9 18 1
48 58 1
112 132 1
78 243 1
146 210 1
176 214 1
115 222 1
245 248 1
107 119 1
137 227 1
82 171 1
64 90 1
12 19 1
22 217 1
67 225 1
21 43 1
189 232 1
15 111 1
9 202 1
117 246 1
82 154 1
31 146 1
77 102 1
10 14 1
59 62 1
45 81 1
39 195 1
151 223 1
150 181 1
23 162 1
145 197 1
75 109 1
152 167 1
125 174 1
167 169 1
53 216 1
184 244 1
25 200 1
27 247 1
81 177 1
42 82 1
65 74 1
33 103 1
39 57 1
98 170 1
176 216 1
95 109 1
61 77 1
208 216 1
4 22 1
120 237 1
19 223 1
48 198 1
58 248 1
107 246 1
170 208 1
94 135 1
153 232 1
86 164 1
193 204 1
61 143 1
34 51 1
220 227 1
132 171 1
3 128 1
196 198 1
166 245 1
157 173 1
21 153 1
114 127 1
229 230 1
26 85 1
12 120 1
168 202 1
104 235 1
56 238 1
64 246 1
10 152 1
61 204 1
78 137 1
175 203 1
88 104 1
80 190 1
92 244 1
58 121 1
1 246 1
30 123 1
75 117 1
132 203 1
136 239 1
22 220 1
101 112 1
89 107 1
50 117 1
108 143 1
63 213 1
155 161 1
112 196 1
66 84 1
40 230 1
19 84 1
19 102 1
12 165 1
32 162 1
136 229 1
11 215 1
52 201 1
4 162 1
44 206 1
58 95 1
146 237 1
37 73 1
162 176 1
112 240 1
40 135 1
80 90 1
222 248 1
209 231 1
35 214 1
12 71 1
122 238 1
67 163 1
21 116 1
48 115 1
115 249 1
159 167 1
123 178 1
46 220 1
73 180 1
236 242 1
69 234 1
23 65 1
90 122 1
57 90 1
29 169 1
143 208 1
47 49 1
104 230 1
88 173 1
13 192 1
92 147 1
29 122 1
26 32 1
69 248 1
163 200 1
6 92 1
41 182 1
147 185 1
190 211 1
77 166 1
86 187 1
7 11 1
50 143 1
193 241 1
180 243 1
5 249 1
86 131 1
43 208 1
237 238 1
96 207 1
59 208 1
69 205 1
84 126 1
71 76 1
144 229 1
14 67 1
148 176 1
72 110 1
120 215 1
21 143 1
27 104 1
59 167 1
119 192 1
97 196 1
63 247 1
71 159 1
116 128 1
148 188 1
8 39 1
143 212 1
38 173 1
74 99 1
17 248 1
58 202 1
202 245 1
169 179 1
124 226 1
227 234 1
60 114 1
55 185 1
157 230 1
23 247 1
175 231 1
31 209 1
155 238 1
6 101 1
122 123 1
8 198 1
51 246 1
127 142 1
94 141 1
79 135 1
176 192 1
100 162 1
28 245 1
62 88 1
70 129 1
53 175 1
27 215 1
54 132 1
16 195 1
6 37 1
170 247 1
61 114 1
14 113 1
116 246 1
81 125 1
106 211 1
154 215 1
139 218 1
51 131 1
30 36 1
113 182 1
31 178 1
200 203 1
88 181 1
149 200 1
51 183 1
155 213 1
45 152 1
178 179 1
186 239 1
178 227 1
164 222 1
114 228 1
101 131 1
36 88 1
16 148 1
10 218 1
138 208 1
67 132 1
166 226 1
51 226 1
34 113 1
172 209 1
129 190 1
148 159 1
48 232 1
22 237 1
153 249 1
13 114 1
17 78 1
28 204 1
95 213 1
100 101 1
25 62 1
23 230 1
154 181 1
36 134 1
42 249 1
95 120 1
136 213 1
84 121 1
208 213 1
82 179 1
77 160 1
43 247 1
44 48 1
172 239 1
86 209 1
33 78 1
15 29 1
14 195 1
13 93 1
99 158 1
51 129 1
5 171 1
55 110 1
63 221 1
33 75 1
168 247 1
16 50 1
39 144 1
8 63 1
60 247 1
167 238 1
125 194 1
81 161 1
6 244 1
47 187 1
69 164 1
87 181 1
200 231 1
16 185 1
133 225 1
44 69 1
127 182 1
60 196 1
195 220 1
18 113 1
70 153 1
32 180 1
95 178 1
35 97 1
33 207 1
114 133 1
39 167 1
142 187 1
17 98 1
120 240 1
58 185 1
142 210 1
54 98 1
33 159 1
23 43 1
63 86 1
145 162 1
22 27 1
50 178 1
192 243 1
8 137 1
104 116 1
37 83 1
42 125 1
190 193 1
60 181 1
137 234 1
83 200 1
135 203 1
25 224 1
61 76 1
59 191 1
98 174 1
139 249 1
66 119 1
58 125 1
7 87 1
101 120 1
139 219 1
50 110 1
20 216 1
74 245 1
39 58 1
152 241 1
163 198 1
193 210 1
77 170 1
83 235 1
137 189 1
200 204 1
36 163 1
32 43 1
99 173 1
164 199 1
48 90 1
115 160 1
8 25 1
85 194 1
65 227 1
5 161 1
2 177 1
71 88 1
60 90 1
147 164 1
17 56 1
164 249 1
24 27 1
31 176 1
107 111 1
5 37 1
23 245 1
8 24 1
33 49 1
67 181 1
167 216 1
11 191 1
13 97 1
85 86 1
83 191 1
11 151 1
81 218 1
155 182 1
35 246 1
163 212 1
28 57 1
1 223 1
91 149 1
29 187 1
7 250 1
24 210 1
21 204 1
75 95 1
43 70 1
154 198 1
7 238 1
116 129 1
23 77 1
38 48 1
106 188 1
154 155 1
94 112 1
48 122 1
23 129 1
22 48 1
186 198 1
41 242 1
42 235 1
116 173 1
99 131 1
123 175 1
87 184 1
101 249 1
29 164 1
230 234 1
57 175 1
54 232 1
113 115 1
4 222 1
23 68 1
61 190 1
25 43 1
40 111 1
165 193 1
44 154 1
61 66 1
34 172 1
37 118 1
135 210 1
199 243 1
12 37 1
21 36 1
169 238 1
95 189 1
60 172 1
2 139 1
135 157 1
16 163 1
12 152 1
105 108 1
29 120 1
15 95 1
53 161 1
31 124 1
37 231 1
79 146 1
61 184 1
200 243 1
32 201 1
175 206 1
46 243 1
101 109 1
109 185 1
181 189 1
120 151 1
9 211 1
15 147 1
133 179 1
27 123 1
5 45 1
83 149 1
87 186 1
32 34 1
158 231 1
26 143 1
76 180 1
12 98 1
152 199 1
118 177 1
107 175 1
20 208 1
46 242 1
20 46 1
121 133 1
92 142 1
61 239 1
162 198 1
161 165 1
29 218 1
134 244 1
108 218 1
23 166 1
143 158 1
113 241 1
90 219 1
32 125 1
140 205 1
192 214 1
89 150 1
49 145 1
19 50 1
75 201 1
79 220 1
18 40 1
17 97 1
160 239 1
7 132 1
21 84 1
185 203 1
132 241 1
103 185 1
155 171 1
28 145 1
76 138 1
72 143 1
118 120 1
45 100 1
65 67 1
189 244 1
41 136 1
31 110 1
68 227 1
14 101 1
167 220 1
120 184 1
68 135 1
181 218 1
27 108 1
7 26 1
32 209 1
55 224 1
143 207 1
137 239 1
129 249 1
105 194 1
18 106 1
89 131 1
135 219 1
61 122 1
3 191 1
24 191 1
159 238 1
146 204 1
117 178 1
68 219 1
155 173 1
74 172 1
18 22 1
125 167 1
47 213 1
75 90 1
76 183 1
57 214 1
83 178 1
158 199 1
2 179 1
89 92 1
36 218 1
204 225 1
14 44 1
64 211 1
24 150 1
52 222 1
20 187 1
126 209 1
214 249 1
11 145 1
8 185 1
100 145 1
30 129 1
130 192 1
94 132 1
52 138 1
57 65 1
115 121 1
119 174 1
91 158 1
85 149 1
121 191 1
137 205 1
39 127 1
107 152 1
122 184 1
80 102 1
80 232 1
59 160 1
57 68 1
50 118 1
126 206 1
163 203 1
56 142 1
98 153 1
20 108 1
151 186 1
29 74 1
48 176 1
18 163 1
39 197 1
33 224 1
32 42 1
202 211 1
122 218 1
237 239 1
207 230 1
77 136 1
76 222 1
189 248 1
170 189 1
27 109 1
74 97 1
213 226 1
68 88 1
133 160 1
45 140 1
20 205 1
61 157 1
95 179 1
57 159 1
92 239 1
186 245 1
43 185 1
63 232 1
112 165 1
58 142 1
149 217 1
91 181 1
80 116 1
47 129 1
196 212 1
42 126 1
115 150 1
198 218 1
120 202 1
153 170 1
74 174 1
18 238 1
174 234 1
22 70 1
38 39 1
18 42 1
170 215 1
58 92 1
64 233 1
170 245 1
26 46 1
46 159 1
59 172 1
24 41 1
10 84 1
4 245 1
128 220 1
95 162 1
49 90 1
137 164 1
7 84 1
147 240 1
56 69 1
171 212 1
19 187 1
129 191 1
55 176 1
25 84 1
137 240 1
18 199 1
16 226 1
24 248 1
34 72 1
63 167 1
73 168 1
52 178 1
19 150 1
92 150 1
125 140 1
32 229 1
115 233 1
129 250 1
100 220 1
155 192 1
197 222 1
64 104 1
55 121 1
173 231 1
128 139 1
90 99 1
172 198 1
3 86 1
94 111 1
212 243 1
75 85 1
20 91 1
84 237 1
50 244 1
43 149 1
80 224 1
191 243 1
22 42 1
5 190 1
122 135 1
141 198 1
91 103 1
133 202 1
105 138 1
119 121 1
108 150 1
132 184 1
83 92 1
32 181 1
81 128 1
42 230 1
55 165 1
89 129 1
5 93 1
19 167 1
39 77 1
21 226 1
46 123 1
33 139 1
17 65 1
62 87 1
17 94 1
117 212 1
76 117 1
30 37 1
156 181 1
115 236 1
2 57 1
60 169 1
4 41 1
248 249 1
96 117 1
45 172 1
56 200 1
71 233 1
163 209 1
118 183 1
60 104 1
99 197 1
130 139 1
28 29 1
210 230 1
143 205 1
145 223 1
76 146 1
86 132 1
91 169 1
164 233 1
43 56 1
2 78 1
6 100 1
158 207 1
221 237 1
220 223 1
80 216 1
94 115 1
54 84 1
80 199 1
136 166 1
77 101 1
64 143 1
10 202 1
193 227 1
24 42 1
47 89 1
3 169 1
115 237 1
83 231 1
206 246 1
63 234 1
18 247 1
68 155 1
98 226 1
22 163 1
115 191 1
22 233 1
162 181 1
4 25 1
10 234 1
50 58 1
148 170 1
68 224 1
50 241 1
88 143 1
20 40 1
29 105 1
89 190 1
194 203 1
40 163 1
32 94 1
32 76 1
84 231 1
29 123 1
102 105 1
152 230 1
168 173 1
11 116 1
9 50 1
100 121 1
139 177 1
21 46 1
63 163 1
66 74 1
60 178 1
59 162 1
121 219 1
106 130 1
231 238 1
156 224 1
21 63 1
32 160 1
7 205 1
61 168 1
94 136 1
8 79 1
29 45 1
59 118 1
100 155 1
14 200 1
12 86 1
23 33 1
51 169 1
85 101 1
81 167 1
23 47 1
202 205 1
112 144 1
71 223 1
216 226 1
141 240 1
43 47 1
14 144 1
12 141 1
156 189 1
137 154 1
28 110 1
93 199 1
31 97 1
26 76 1
44 180 1
75 231 1
115 248 1
202 223 1
93 101 1
15 103 1
5 250 1
118 195 1
13 81 1
9 127 1
155 230 1
223 235 1
88 168 1
30 250 1
94 194 1
124 168 1
3 142 1
90 201 1
209 211 1
139 230 1
14 73 1
43 150 1
41 239 1
152 153 1
48 192 1
157 232 1
84 93 1
4 224 1
42 231 1
194 235 1
23 188 1
136 206 1
9 234 1
162 239 1
70 160 1
123 243 1
52 221 1
131 165 1
107 190 1
37 205 1
1 47 1
41 93 1
207 210 1
61 156 1
102 117 1
60 96 1
137 200 1
35 155 1
183 230 1
95 221 1
114 191 1
76 219 1
51 205 1
125 218 1
48 126 1
71 193 1
65 217 1
62 226 1
37 111 1
75 229 1
110 193 1
27 64 1
128 188 1
97 117 1
68 235 1
44 224 1
115 138 1
9 203 1
44 81 1
158 244 1
113 144 1
89 108 1
106 132 1
207 245 1
122 187 1
38 107 1
2 30 1
190 240 1
64 68 1
114 157 1
5 108 1
150 172 1
90 116 1
65 151 1
190 227 1
69 105 1
56 192 1
71 222 1
79 191 1
159 208 1
69 111 1
160 209 1
24 80 1
112 170 1
168 208 1
32 235 1
21 215 1
122 240 1
135 160 1
80 88 1
16 205 1
181 247 1
35 130 1
151 235 1
9 194 1
69 186 1
166 215 1
168 243 1
67 150 1
113 119 1
5 126 1
78 92 1
142 227 1
196 223 1
21 58 1
96 249 1
136 163 1
100 106 1
36 111 1
125 205 1
114 154 1
100 142 1
51 114 1
117 170 1
111 165 1
189 190 1
18 77 1
197 208 1
142 173 1
90 227 1
32 84 1
121 163 1
45 143 1
107 136 1
157 171 1
204 222 1
147 237 1
48 144 1
17 18 1
15 17 1
169 249 1
14 35 1
83 129 1
199 230 1
35 135 1
180 233 1
62 143 1
117 214 1
31 140 1
124 157 1
53 160 1
10 158 1
82 234 1
165 206 1
57 218 1
44 210 1
48 228 1
65 98 1
6 80 1
72 189 1
160 202 1
179 215 1
109 154 1
77 84 1
155 157 1
91 177 1
1 6 1
212 240 1
66 220 1
58 156 1
22 31 1
65 112 1
64 145 1
143 162 1
66 71 1
34 220 1
24 85 1
81 160 1
27 111 1
1 122 1
36 91 1
7 13 1
1 80 1
178 240 1
86 211 1
103 181 1
154 176 1
100 125 1
175 236 1
72 81 1
168 182 1
7 207 1
121 222 1
100 110 1
58 116 1
57 215 1
178 199 1
109 250 1
69 84 1
69 142 1
141 179 1
32 241 1
23 173 1
95 237 1
53 223 1
6 45 1
49 56 1
69 219 1
77 174 1
34 228 1
56 85 1
27 208 1
65 161 1
19 34 1
104 132 1
194 248 1
185 234 1
40 41 1
36 102 1
69 213 1
16 182 1
111 117 1
14 199 1
98 206 1
99 129 1
2 160 1
11 23 1
151 177 1
122 243 1
144 179 1
132 247 1
36 166 1
120 230 1
114 178 1
70 187 1
54 60 1
91 92 1
99 181 1
17 89 1
67 155 1
147 167 1
128 218 1
68 193 1
10 17 1
103 228 1
60 228 1
53 170 1
50 230 1
75 91 1
77 116 1
1 181 1
215 228 1
92 234 1
169 176 1
124 192 1
139 242 1
77 235 1
57 152 1
85 191 1
21 213 1
129 140 1
29 184 1
111 115 1
49 110 1
37 128 1
143 223 1
58 102 1
106 181 1
72 208 1
50 218 1
29 30 1
174 243 1
107 150 1
42 181 1
39 184 1
91 239 1
110 192 1
216 245 1
16 19 1
188 242 1
41 158 1
86 91 1
99 192 1
80 100 1
130 143 1
7 38 1
13 187 1
44 153 1
41 159 1
16 18 1
22 214 1
180 187 1
87 214 1
56 103 1
10 25 1
12 213 1
4 23 1
107 193 1
174 232 1
85 176 1
198 238 1
40 84 1
128 210 1
65 240 1
19 138 1
68 170 1
4 240 1
34 158 1
5 31 1
77 243 1
138 211 1
85 224 1
18 29 1
186 228 1
93 182 1
79 89 1
30 180 1
118 217 1
178 210 1
60 197 1
241 247 1
1 169 1
117 136 1
93 121 1
100 195 1
4 168 1
114 184 1
14 24 1
43 225 1
184 223 1
187 234 1
82 210 1
105 144 1
80 150 1
52 61 1
20 105 1
1 25 1
138 181 1
11 225 1
9 13 1
48 188 1
160 235 1
163 218 1
145 237 1
2 120 1
223 227 1
179 186 1
128 147 1
3 80 1
23 127 1
52 136 1
71 81 1
11 25 1
91 180 1
59 234 1
26 242 1
86 144 1
50 210 1
68 93 1
76 119 1
92 128 1
24 214 1
170 205 1
57 105 1
115 211 1
45 216 1
9 115 1
94 169 1
20 100 1
201 204 1
92 212 1
1 131 1
32 121 1
7 35 1
91 168 1
146 168 1
99 230 1
34 66 1
239 241 1
36 73 1
182 212 1
42 242 1
124 220 1
139 213 1
178 192 1
10 214 1
50 188 1
115 186 1
35 40 1
32 47 1
111 192 1
59 140 1
16 56 1
107 146 1
156 158 1
200 225 1
176 181 1
9 104 1
69 137 1
48 100 1
214 231 1
182 214 1
94 155 1
9 223 1
73 157 1
2 52 1
26 138 1
36 108 1
99 166 1
203 222 1
66 133 1
11 160 1
31 56 1
6 195 1
52 206 1
55 248 1
5 165 1
66 130 1
201 215 1
49 176 1
55 112 1
10 246 1
17 211 1
46 119 1
17 223 1
13 243 1
36 46 1
52 93 1
114 185 1
167 235 1
74 126 1
100 159 1
48 101 1
9 241 1
118 143 1
62 123 1
5 78 1
61 219 1
164 190 1
24 82 1
91 223 1
53 246 1
208 226 1
24 52 1
28 139 1
22 221 1
18 88 1
21 62 1
5 195 1
26 95 1
24 247 1
27 180 1
18 149 1
24 69 1
159 227 1
48 201 1
60 95 1
53 171 1
19 46 1
75 190 1
26 238 1
137 146 1
89 103 1
106 133 1
246 248 1
21 25 1
108 174 1
109 118 1
67 243 1
77 183 1
63 192 1
121 164 1
34 185 1
113 234 1
11 46 1
40 220 1
192 194 1
105 121 1
29 160 1
19 25 1
67 209 1
152 201 1
26 154 1
121 156 1
164 187 1
66 77 1
143 190 1
201 237 1
24 179 1
19 21 1
110 153 1
26 150 1
61 201 1
31 185 1
160 195 1
1 216 1
3 88 1
65 222 1
17 122 1
47 162 1
1 220 1
151 242 1
34 78 1
5 32 1
131 135 1
91 217 1
23 193 1
25 215 1
215 244 1
34 123 1
68 115 1
68 145 1
61 162 1
21 205 1
86 124 1
108 224 1
2 117 1
102 119 1
173 175 1
68 189 1
55 74 1
18 35 1
107 171 1
41 208 1
63 248 1
53 68 1
55 221 1
45 113 1
112 149 1
65 102 1
25 167 1
128 175 1
108 144 1
58 208 1
18 67 1
202 208 1
19 203 1
61 209 1
36 249 1
111 177 1
127 220 1
164 205 1
78 202 1
20 190 1
139 146 1
120 137 1
45 55 1
155 196 1
73 103 1
186 223 1
114 176 1
33 183 1
91 95 1
9 103 1
117 198 1
53 245 1
51 156 1
164 246 1
236 248 1
107 215 1
91 244 1
150 190 1
97 237 1
213 223 1
25 149 1
3 44 1
39 239 1
24 193 1
52 55 1
160 172 1
88 188 1
85 222 1
52 154 1
19 78 1
57 233 1
156 212 1
154 224 1
117 189 1
69 171 1
44 124 1
136 193 1
107 164 1
23 119 1
31 226 1
150 218 1
12 181 1
74 194 1
184 229 1
17 87 1
84 114 1
36 227 1
205 218 1
148 193 1
16 136 1
136 151 1
59 157 1
109 233 1
93 149 1
97 174 1
48 53 1
147 228 1
102 136 1
2 88 1
23 217 1
1 58 1
4 246 1
92 93 1
201 242 1
16 211 1
14 136 1
16 218 1
192 244 1
39 245 1
137 191 1
68 90 1
190 244 1
161 171 1
109 203 1
49 134 1
129 202 1
102 158 1
45 61 1
30 59 1
167 186 1
230 244 1
193 211 1
97 150 1
69 81 1
175 225 1
182 218 1
5 237 1
72 154 1
49 82 1
55 171 1
10 91 1
28 54 1
27 69 1
7 195 1
161 195 1
4 189 1
43 135 1
21 248 1
136 175 1
106 198 1
103 216 1
96 154 1
68 128 1
30 104 1
185 238 1
174 176 1
1 165 1
96 198 1
12 62 1
69 97 1
151 221 1
25 38 1
80 131 1
119 170 1
26 164 1
72 114 1
15 116 1
23 160 1
151 191 1
44 76 1
169 211 1
8 106 1
16 40 1
4 123 1
17 232 1
73 182 1
56 132 1
178 216 1
29 202 1
38 96 1
13 102 1
167 175 1
24 203 1
17 115 1
13 20 1
34 119 1
123 189 1
111 184 1
44 51 1
160 162 1
87 96 1
57 238 1
76 204 1
128 200 1
40 182 1
170 235 1
199 232 1
34 134 1
149 193 1
1 66 1
192 222 1
197 211 1
74 248 1
70 82 1
59 219 1
9 130 1
50 173 1
16 87 1
41 172 1
36 165 1
94 217 1
55 196 1
91 248 1
4 232 1
4 234 1
143 145 1
15 65 1
133 167 1
12 113 1
66 234 1
176 202 1
181 229 1
57 217 1
8 21 1
18 146 1
77 153 1
128 215 1
183 190 1
116 193 1
91 129 1
92 169 1
10 208 1
66 203 1
85 103 1
153 166 1
29 226 1
149 220 1
91 197 1
73 242 1
11 94 1
147 197 1
40 122 1
52 102 1
170 176 1
30 40 1
108 225 1
116 231 1
99 185 1
19 205 1
79 162 1
47 201 1
41 240 1
122 221 1
7 138 1
9 213 1
94 154 1
49 250 1
37 82 1
143 191 1
87 157 1
24 221 1
134 215 1
108 138 1
173 216 1
186 238 1
20 191 1
28 230 1
81 118 1
40 62 1
21 32 1
25 161 1
37 246 1
10 73 1
55 111 1
178 204 1
98 182 1
172 225 1
24 205 1
113 204 1
69 162 1
15 245 1
103 209 1
34 127 1
59 115 1
47 121 1
32 73 1
38 177 1
43 83 1
6 97 1
96 125 1
148 177 1
113 246 1
75 96 1
48 225 1
68 108 1
209 212 1
111 114 1
191 212 1
110 221 1
26 205 1
87 234 1
19 91 1
102 167 1
20 224 1
30 124 1
3 215 1
50 138 1
127 240 1
108 111 1
88 217 1
61 171 1
3 228 1
104 145 1
46 165 1
11 209 1
28 170 1
86 245 1
32 144 1
206 230 1
64 130 1
7 204 1
75 195 1
18 59 1
188 204 1
41 101 1
4 63 1
48 102 1
150 178 1
67 69 1
79 93 1
67 85 1
63 144 1
95 244 1
217 244 1
29 109 1
62 224 1
125 234 1
65 95 1
194 225 1
119 212 1
151 189 1
124 228 1
35 56 1
116 229 1
192 206 1
21 124 1
10 102 1
133 164 1
16 72 1
50 149 1
29 242 1
146 205 1
172 189 1
47 238 1
106 128 1
145 168 1
10 120 1
102 247 1
147 221 1
72 142 1
68 218 1
6 67 1
17 105 1
112 238 1
191 245 1
197 218 1
165 201 1
182 234 1
39 168 1
36 223 1
31 58 1
16 139 1
36 176 1
141 197 1
74 244 1
1 46 1
126 193 1
31 204 1
56 70 1
169 193 1
72 106 1
14 18 1
51 77 1
93 136 1
82 123 1
10 144 1
55 141 1
135 208 1
153 172 1
54 213 1
222 229 1
30 247 1
31 190 1
79 245 1
70 103 1
96 201 1
30 181 1
177 207 1
36 75 1
2 248 1
241 250 1
12 234 1
54 110 1
206 232 1
75 83 1
43 183 1
162 248 1
133 214 1
6 143 1
89 214 1
7 183 1
114 149 1
53 172 1
185 194 1
24 32 1
61 241 1
234 245 1
164 211 1
81 133 1
101 224 1
133 182 1
145 186 1
11 80 1
13 58 1
159 210 1
109 153 1
212 224 1
78 155 1
137 216 1
94 211 1
73 232 1
9 157 1
218 232 1
109 130 1
23 191 1
23 137 1
205 242 1
38 128 1
38 151 1
10 167 1
98 197 1
62 174 1
203 208 1
43 76 1
8 27 1
40 214 1
34 168 1
113 203 1
184 206 1
79 170 1
57 177 1
168 200 1
171 236 1
41 43 1
133 229 1
90 123 1
99 206 1
94 103 1
240 248 1
18 152 1
17 188 1
142 199 1
31 52 1
38 58 1
69 214 1
17 233 1
53 217 1
25 155 1
104 105 1
115 189 1
97 111 1
207 223 1
203 232 1
190 249 1
158 176 1
19 86 1
84 185 1
209 230 1
144 205 1
68 244 1
28 190 1
187 245 1
73 156 1
80 235 1
35 143 1
44 177 1
152 158 1
107 223 1
28 154 1
62 218 1
32 195 1
1 160 1
52 146 1
54 131 1
111 250 1
23 72 1
73 225 1
227 244 1
31 120 1
56 222 1
113 159 1
83 93 1
176 223 1
66 144 1
20 238 1
28 199 1
17 74 1
171 214 1
33 133 1
42 94 1
107 184 1
16 241 1
48 150 1
28 211 1
100 205 1
46 101 1
106 229 1
70 207 1
196 207 1
74 225 1
132 236 1
41 175 1
195 232 1
39 133 1
171 180 1
91 113 1
201 207 1
77 173 1
34 43 1
56 241 1
121 122 1
75 154 1
32 225 1
19 148 1
33 42 1
167 233 1
208 229 1
129 240 1
166 223 1
42 148 1
135 218 1
57 156 1
140 200 1
43 74 1
106 194 1
56 71 1
180 205 1
207 226 1
78 140 1
7 82 1
80 110 1
11 154 1
76 231 1
33 211 1
131 221 1
26 129 1
167 200 1
195 219 1
20 114 1
81 221 1
181 236 1
185 205 1
96 170 1
52 147 1
58 68 1
109 166 1
90 153 1
68 111 1
139 161 1
100 119 1
201 222 1
167 223 1
125 141 1
26 81 1
19 160 1
121 171 1
46 226 1
19 98 1
70 232 1
58 114 1
6 199 1
14 143 1
58 118 1
75 235 1
95 158 1
158 185 1
21 177 1
31 144 1
109 157 1
14 126 1
112 119 1
97 211 1
46 154 1
48 141 1
132 243 1
128 146 1
45 231 1
16 246 1
154 158 1
57 220 1
11 207 1
168 238 1
122 157 1
71 216 1
128 153 1
142 226 1
153 176 1
158 161 1
112 130 1
2 246 1
58 184 1
18 143 1
93 153 1
124 126 1
1 36 1
13 82 1
70 142 1
60 168 1
28 44 1
15 190 1
2 102 1
17 125 1
120 148 1
36 174 1
55 56 1
192 241 1
124 208 1
48 113 1
130 189 1
14 86 1
213 231 1
4 10 1
39 220 1
173 214 1
28 46 1
7 95 1
25 74 1
3 134 1
218 245 1
91 237 1
25 179 1
101 178 1
197 229 1
143 147 1
189 239 1
14 127 1
105 209 1
9 54 1
140 228 1
232 248 1
40 175 1
36 242 1
116 245 1
2 225 1
35 62 1
50 184 1
102 184 1
125 197 1
32 85 1
204 242 1
4 151 1
100 199 1
38 248 1
59 110 1
94 160 1
81 163 1
159 197 1
2 200 1
47 152 1
3 230 1
1 158 1
122 150 1
53 105 1
30 86 1
20 232 1
27 144 1
134 140 1
25 51 1
89 232 1
81 173 1
114 158 1
16 33 1
76 102 1
80 94 1
22 131 1
70 115 1
80 127 1
4 57 1
70 149 1
186 240 1
12 189 1
138 172 1
98 209 1
173 242 1
29 152 1
65 142 1
55 113 1
4 154 1
19 39 1
48 111 1
92 95 1
125 173 1
20 229 1
83 171 1
108 167 1
167 196 1
148 237 1
53 181 1
113 213 1
12 48 1
92 134 1
159 187 1
86 190 1
110 130 1
82 213 1
44 225 1
41 163 1
69 88 1
19 232 1
64 127 1
120 166 1
182 228 1
4 13 1
74 204 1
34 39 1
2 143 1
145 159 1
50 51 1
44 149 1
80 146 1
95 167 1
93 134 1
29 92 1
107 230 1
197 246 1
86 111 1
16 137 1
33 234 1
31 154 1
168 174 1
63 187 1
187 198 1
26 71 1
173 186 1
68 110 1
17 61 1
24 98 1
192 200 1
118 212 1
1 48 1
95 115 1
161 243 1
74 110 1
62 145 1
10 195 1
110 214 1
42 68 1
74 187 1
72 187 1
107 233 1
58 212 1
120 213 1
115 157 1
61 68 1
80 160 1
2 22 1
67 226 1
59 190 1
52 77 1
140 243 1
60 85 1
28 86 1
108 230 1
23 133 1
61 98 1
10 241 1
134 206 1
155 226 1
98 192 1
165 241 1
120 172 1
31 128 1
142 172 1
33 247 1
1 215 1
23 83 1
128 145 1
145 220 1
47 56 1
24 119 1
39 238 1
88 106 1
12 101 1
95 188 1
52 179 1
30 144 1
51 164 1
160 174 1
172 194 1
154 175 1
142 175 1
133 236 1
54 102 1
93 177 1
18 120 1
48 161 1
13 22 1
55 247 1
54 170 1
17 221 1
51 222 1
10 115 1
206 212 1
47 69 1
118 178 1
5 183 1
70 239 1
157 210 1
48 242 1
196 246 1
3 71 1
120 155 1
189 223 1
62 169 1
17 148 1
10 114 1
46 66 1
18 215 1
66 177 1
60 231 1
192 213 1
230 235 1
89 249 1
46 245 1
80 239 1
135 217 1
127 242 1
21 135 1
81 95 1
25 64 1
26 217 1
167 214 1
5 226 1
3 170 1
56 149 1
199 210 1
88 131 1
54 93 1
19 165 1
42 135 1
1 164 1
2 64 1
100 161 1
235 250 1
113 173 1
66 107 1
139 240 1
36 191 1
96 223 1
29 194 1
136 207 1
162 166 1
199 211 1
7 16 1
182 246 1
125 130 1
186 237 1
37 241 1
161 237 1
13 108 1
10 143 1
2 199 1
57 124 1
27 132 1
116 157 1
232 238 1
152 234 1
81 116 1
94 179 1
63 209 1
5 233 1
81 84 1
74 103 1
208 215 1
146 147 1
2 158 1
14 166 1
218 219 1
23 216 1
66 73 1
41 185 1
77 79 1
177 228 1
144 161 1
5 163 1
132 216 1
116 215 1
42 131 1
135 141 1
102 133 1
96 160 1
122 138 1
141 164 1
161 170 1
206 245 1
171 198 1
116 154 1
155 250 1
55 61 1
92 191 1
66 148 1
58 90 1
168 188 1
89 208 1
56 60 1
47 79 1
49 193 1
115 247 1
184 234 1
233 240 1
69 129 1
116 151 1
187 241 1
112 235 1
79 183 1
133 134 1
140 188 1
100 206 1
92 236 1
166 200 1
99 237 1
60 146 1
71 187 1
221 224 1
87 143 1
247 249 1
55 216 1
77 94 1
119 176 1
148 187 1
120 188 1
98 188 1
133 166 1
35 229 1
37 87 1
37 43 1
201 214 1
104 107 1
188 196 1
87 199 1
144 213 1
4 45 1
136 246 1
123 203 1
124 183 1
105 181 1
76 200 1
46 157 1
91 140 1
89 96 1
110 148 1
36 113 1
71 130 1
14 118 1
11 166 1
25 90 1
4 163 1
46 125 1
115 215 1
66 215 1
81 147 1
84 111 1
4 150 1
12 205 1
70 241 1
91 151 1
135 216 1
213 247 1
4 147 1
13 110 1
176 183 1
29 211 1
128 133 1
125 142 1
122 186 1
136 201 1
46 73 1
40 56 1
39 176 1
34 247 1
4 37 1
186 196 1
28 192 1
21 244 1
34 215 1
122 178 1
102 165 1
84 142 1
39 122 1
63 90 1
19 62 1
231 235 1
69 235 1
28 138 1
87 101 1
63 117 1
36 45 1
25 239 1
53 148 1
139 159 1
42 58 1
28 83 1
32 178 1
68 230 1
71 74 1
25 235 1
154 250 1
37 173 1
156 218 1
140 147 1
57 63 1
183 231 1
225 243 1
18 103 1
139 173 1
143 166 1
106 182 1
28 89 1
123 128 1
72 242 1
64 118 1
176 189 1
10 189 1
133 158 1
135 246 1
111 139 1
54 86 1
84 204 1
53 126 1
10 233 1
37 172 1
114 217 1
15 199 1
89 221 1
120 161 1
5 18 1
154 245 1
58 232 1
178 231 1
145 244 1
21 131 1
71 169 1
96 114 1
10 79 1
175 241 1
212 230 1
113 167 1
52 111 1
130 164 1
12 49 1
117 205 1
35 250 1
132 222 1
25 133 1
3 124 1
17 184 1
41 166 1
85 219 1
23 195 1
2 149 1
48 211 1
142 242 1
29 224 1
39 45 1
151 183 1
6 81 1
30 62 1
16 236 1
151 197 1
44 244 1
52 231 1
130 166 1
84 123 1
136 248 1
133 216 1
119 186 1
210 217 1
110 220 1
150 249 1
80 238 1
33 91 1
27 179 1
50 205 1
89 139 1
177 249 1
21 113 1
94 195 1
166 183 1
96 202 1
17 42 1
154 220 1
89 212 1
81 134 1
71 231 1
154 247 1
194 228 1
43 245 1
12 131 1
190 205 1
151 241 1
30 66 1
76 207 1
19 218 1
136 195 1
123 186 1
2 74 1
129 211 1
37 132 1
89 215 1
67 119 1
9 35 1
174 229 1
8 45 1
174 250 1
144 207 1
76 141 1
49 98 1
46 247 1
61 244 1
211 240 1
181 214 1
65 134 1
34 82 1
5 224 1
92 225 1
155 166 1
62 96 1
183 219 1
70 133 1
66 70 1
45 120 1
91 118 1
93 109 1
28 64 1
15 121 1
1 105 1
5 140 1
17 128 1
19 176 1
74 223 1
171 238 1
56 121 1
176 224 1
143 199 1
207 222 1
122 179 1
115 232 1
29 207 1
144 169 1
3 64 1
119 183 1
3 243 1
131 249 1
181 244 1
223 229 1
40 73 1
113 224 1
113 198 1
22 101 1
40 240 1
23 150 1
117 188 1
53 64 1
98 222 1
47 115 1
64 117 1
113 180 1
22 194 1
149 223 1
36 210 1
129 146 1
35 201 1
40 48 1
155 227 1
115 168 1
40 156 1
101 198 1
1 21 1
117 166 1
151 224 1
65 185 1
145 238 1
17 40 1
165 217 1
5 83 1
144 208 1
228 240 1
26 214 1
166 232 1
99 101 1
130 132 1
78 173 1
6 96 1
1 168 1
4 121 1
15 68 1
1 87 1
59 73 1
37 63 1
21 75 1
34 143 1
63 134 1
50 185 1
50 249 1
92 130 1
62 199 1
44 178 1
63 201 1
22 158 1
175 182 1
39 243 1
187 211 1
81 148 1
117 182 1
18 222 1
152 219 1
56 190 1
71 155 1
114 220 1
19 40 1
106 239 1
9 235 1
182 199 1
3 67 1
77 168 1
83 241 1
71 92 1
22 24 1
72 193 1
96 106 1
16 232 1
157 249 1
69 106 1
103 189 1
132 189 1
34 187 1
60 66 1
24 211 1
175 185 1
83 211 1
181 206 1
72 169 1
42 120 1
166 173 1
87 196 1
81 198 1
208 221 1
53 195 1
45 70 1
84 224 1
101 113 1
60 100 1
86 159 1
168 227 1
81 196 1
69 239 1
5 179 1
90 211 1
67 136 1
6 69 1
7 70 1
143 193 1
6 238 1
63 110 1
11 134 1
64 121 1
225 235 1
11 125 1
76 184 1
86 104 1
8 135 1
2 20 1
17 41 1
90 166 1
162 243 1
33 241 1
21 150 1
77 121 1
74 191 1
124 247 1
82 206 1
7 116 1
217 234 1
25 35 1
130 239 1
105 136 1
104 216 1
204 236 1
110 213 1
2 8 1
127 204 1
38 165 1
63 188 1
142 223 1
41 83 1
225 245 1
56 221 1
20 50 1
150 177 1
47 204 1
32 163 1
173 185 1
34 108 1
89 199 1
18 184 1
23 185 1
29 215 1
46 214 1
84 236 1
206 244 1
173 212 1
30 99 1
126 185 1
128 132 1
54 140 1
134 171 1
148 160 1
93 132 1
171 182 1
20 58 1
104 133 1
108 125 1
135 189 1
195 240 1
224 244 1
148 154 1
181 226 1
62 210 1
195 246 1
73 185 1
89 141 1
70 202 1
141 216 1
163 238 1
180 223 1
197 238 1
114 242 1
27 54 1
49 228 1
2 35 1
2 34 1
175 240 1
193 238 1
4 96 1
181 219 1
48 57 1
18 115 1
16 230 1
47 212 1
82 139 1
40 228 1
8 232 1
57 104 1
61 207 1
62 119 1
26 250 1
56 89 1
172 240 1
2 45 1
121 142 1
6 22 1
50 237 1
27 244 1
100 230 1
19 215 1
8 162 1
123 127 1
53 188 1
73 167 1
41 96 1
109 243 1
46 160 1
160 219 1
152 232 1
82 140 1
145 208 1
49 211 1
18 182 1
64 194 1
22 74 1
146 167 1
122 156 1
57 167 1
73 163 1
104 213 1
39 72 1
67 171 1
22 54 1
135 226 1
138 152 1
13 186 1
202 206 1
39 151 1
9 95 1
97 184 1
112 164 1
91 130 1
121 204 1
74 145 1
163 186 1
135 213 1
58 174 1
116 233 1
57 118 1
37 150 1
108 226 1
97 192 1
11 148 1
151 153 1
47 90 1
42 106 1
109 136 1
82 145 1
73 178 1
42 46 1
85 141 1
132 235 1
63 84 1
20 218 1
62 128 1
12 204 1
25 156 1
130 223 1
201 213 1
47 160 1
122 213 1
11 120 1
200 233 1
50 72 1
122 127 1
39 171 1
189 226 1
106 191 1
11 197 1
52 155 1
84 213 1
111 203 1
95 150 1
92 242 1
35 39 1
193 224 1
205 241 1
48 49 1
7 98 1
98 180 1
7 233 1
108 199 1
95 172 1
109 160 1
23 40 1
80 246 1
20 70 1
11 114 1
22 149 1
132 187 1
214 245 1
40 53 1
90 113 1
12 147 1
33 213 1
1 145 1
22 118 1
15 76 1
134 246 1
123 177 1
203 250 1
78 128 1
152 208 1
183 208 1
1 92 1
24 161 1
35 78 1
45 148 1
41 114 1
116 165 1
40 234 1
79 95 1
131 248 1
60 167 1
167 224 1
61 224 1
80 86 1
46 106 1
87 212 1
215 237 1
64 245 1
196 206 1
98 211 1
47 148 1
28 70 1
240 241 1
26 73 1
34 217 1
18 202 1
149 227 1
32 194 1
192 216 1
118 144 1
203 210 1
48 135 1
180 226 1
70 219 1
62 180 1
4 101 1
85 186 1
26 126 1
7 214 1
79 224 1
61 109 1
110 137 1
35 167 1
105 215 1
89 133 1
167 250 1
133 226 1
85 111 1
15 211 1
131 161 1
77 157 1
151 198 1
85 112 1
104 153 1
116 184 1
104 159 1
2 206 1
30 72 1
17 33 1
56 141 1
95 231 1
84 135 1
81 230 1
172 188 1
65 202 1
7 92 1
104 202 1
169 241 1
154 222 1
15 175 1
178 242 1
195 237 1
25 40 1
11 182 1
100 188 1
46 128 1
106 241 1
60 131 1
141 172 1
206 213 1
131 191 1
103 149 1
156 196 1
81 101 1
45 111 1
14 153 1
161 199 1
145 193 1
1 182 1
149 198 1
67 149 1
48 240 1
123 224 1
22 170 1
11 84 1
177 215 1
50 81 1
32 240 1
64 169 1
76 91 1
22 168 1
46 200 1
14 110 1
148 195 1
69 196 1
99 233 1
158 189 1
21 136 1
70 134 1
2 224 1
93 123 1
14 141 1
193 214 1
27 124 1
149 178 1
147 191 1
163 195 1
13 234 1
227 237 1
25 238 1
12 184 1
40 45 1
31 213 1
157 161 1
175 211 1
134 247 1
18 186 1
84 218 1
214 216 1
24 56 1
39 149 1
99 100 1
110 164 1
49 202 1
56 178 1
67 211 1
39 140 1
70 89 1
52 177 1
109 175 1
177 220 1
42 44 1
77 197 1
23 164 1
192 207 1
107 187 1
45 238 1
130 156 1
60 107 1
50 194 1
2 203 1
3 97 1
1 100 1
176 197 1
32 147 1
58 73 1
128 208 1
74 132 1
70 96 1
144 232 1
62 184 1
9 142 1
41 247 1
59 132 1
13 107 1
13 57 1
134 213 1
159 207 1
140 158 1
42 219 1
108 173 1
81 114 1
26 206 1
30 33 1
27 79 1
212 228 1
39 154 1
157 223 1
137 165 1
55 80 1
125 200 1
59 133 1
73 179 1
206 247 1
75 116 1
87 191 1
16 114 1
76 209 1
114 243 1
140 206 1
47 176 1
140 146 1
62 146 1
63 158 1
72 181 1
54 120 1
9 84 1
147 154 1
160 204 1
89 155 1
78 240 1
5 239 1
6 171 1
5 29 1
36 186 1
80 201 1
228 234 1
165 233 1
142 208 1
31 108 1
100 165 1
40 92 1
10 52 1
106 129 1
75 182 1
118 152 1
133 175 1
142 193 1
37 138 1
2 144 1
153 163 1
117 126 1
130 179 1
57 219 1
20 149 1
86 226 1
4 202 1
194 230 1
28 93 1
62 133 1
124 215 1
105 187 1
41 62 1
9 152 1
8 23 1
27 103 1
107 240 1
11 58 1
89 241 1
104 163 1
72 215 1
88 192 1
25 96 1
108 114 1
154 227 1
35 61 1
31 237 1
10 185 1
95 153 1
98 128 1
237 246 1
34 109 1
196 232 1
112 233 1
64 176 1
31 177 1
94 128 1
136 145 1
128 150 1
33 161 1
22 161 1
91 146 1
62 136 1
19 53 1
82 207 1
114 138 1
198 216 1
21 247 1
14 217 1
84 219 1
101 202 1
127 219 1
26 123 1
8 193 1
56 236 1
42 232 1
66 241 1
141 169 1
44 250 1
105 123 1
101 189 1
4 226 1
69 180 1
159 173 1
101 164 1
165 238 1
135 231 1
95 121 1
81 202 1
211 244 1
95 239 1
61 189 1
21 119 1
155 208 1
75 164 1
46 198 1
23 227 1
10 26 1
17 235 1
9 118 1
89 167 1
44 47 1
22 198 1
92 246 1
75 151 1
70 143 1
141 199 1
22 178 1
113 209 1
59 183 1
61 115 1
94 237 1
179 233 1
13 24 1
14 128 1
57 194 1
199 217 1
52 233 1
96 182 1
144 147 1
94 229 1
117 129 1
44 136 1
5 132 1
22 225 1
151 169 1
129 178 1
96 209 1
121 125 1
25 143 1
114 213 1
23 80 1
3 164 1
56 189 1
157 212 1
113 243 1
48 212 1
114 212 1
62 230 1
100 150 1
79 205 1
1 212 1
104 207 1
148 223 1
64 97 1
39 196 1
228 231 1
21 34 1
89 183 1
73 174 1
21 146 1
168 226 1
126 180 1
97 108 1
4 50 1
94 105 1
160 166 1
73 201 1
12 85 1
119 208 1
57 126 1
116 226 1
53 143 1
19 72 1
47 149 1
78 182 1
48 205 1
5 15 1
198 229 1
72 113 1
123 154 1
8 16 1
121 139 1
98 230 1
187 238 1
192 204 1
174 178 1
41 192 1
184 247 1
57 150 1
143 150 1
48 54 1
122 136 1
176 219 1
24 104 1
19 137 1
15 235 1
203 228 1
169 202 1
93 105 1
85 207 1
52 96 1
163 236 1
75 208 1
147 159 1
16 39 1
101 197 1
49 190 1
33 112 1
138 247 1
157 238 1
21 207 1
145 231 1
60 145 1
50 199 1
63 166 1
40 83 1
85 127 1
10 83 1
194 219 1
101 229 1
44 238 1
54 199 1
34 101 1
71 73 1
40 65 1
33 154 1
5 174 1
46 105 1
127 245 1
83 166 1
53 167 1
17 67 1
7 96 1
150 204 1
9 196 1
129 194 1
100 177 1
207 250 1
33 240 1
11 180 1
74 138 1
145 247 1
51 224 1
30 91 1
23 182 1
36 103 1
52 112 1
38 192 1
107 185 1
98 195 1
64 86 1
21 69 1
82 237 1
105 244 1
195 216 1
74 209 1
202 220 1
125 172 1
38 136 1
126 176 1
68 125 1
73 150 1
9 173 1
93 247 1
43 143 1
96 241 1
38 207 1
98 154 1
52 243 1
100 226 1
62 89 1
140 181 1
154 202 1
132 174 1
47 158 1
37 122 1
5 74 1
61 108 1
28 59 1
18 132 1
9 89 1
116 247 1
33 230 1
17 182 1
85 208 1
40 189 1
15 93 1
144 249 1
52 214 1
73 202 1
107 218 1
5 73 1
13 191 1
193 223 1
6 103 1
65 208 1
57 119 1
45 108 1
11 204 1
40 78 1
154 197 1
45 147 1
190 224 1
74 90 1
227 243 1
135 236 1
25 132 1
34 242 1
67 238 1
104 154 1
64 105 1
119 181 1
11 67 1
165 232 1
5 244 1
116 205 1
178 180 1
110 179 1
6 215 1
26 237 1
2 11 1
178 188 1
60 237 1
135 175 1
155 180 1
21 101 1
102 234 1
11 81 1
35 235 1
46 130 1
21 130 1
45 144 1
74 166 1
26 91 1
36 180 1
142 219 1
9 137 1
67 101 1
28 156 1
35 202 1
8 84 1
119 225 1
125 238 1
58 220 1
122 165 1
123 236 1
137 231 1
121 124 1
19 88 1
106 137 1
39 85 1
179 245 1
134 169 1
88 101 1
44 230 1
84 127 1
23 52 1
36 66 1
36 148 1
126 188 1
2 127 1
20 137 1
94 186 1
78 120 1
65 124 1
38 250 1
4 79 1
33 225 1
84 155 1
156 169 1
126 205 1
93 224 1
5 145 1
173 209 1
46 202 1
87 150 1
86 92 1
107 133 1
34 144 1
26 231 1
130 205 1
186 233 1
63 159 1
44 159 1
27 223 1
47 169 1
17 183 1
193 197 1
139 205 1
125 127 1
118 211 1
62 237 1
118 196 1
55 116 1
20 125 1
82 236 1
82 115 1
117 243 1
105 188 1
75 246 1
135 234 1
123 162 1
18 156 1
152 233 1
82 125 1
36 198 1
95 159 1
15 102 1
162 218 1
14 237 1
51 218 1
123 131 1
128 131 1
13 51 1
26 187 1
59 71 1
100 111 1
86 199 1
54 57 1
67 167 1
147 193 1
49 80 1
12 97 1
130 150 1
157 248 1
226 239 1
6 48 1
65 200 1
20 146 1
51 88 1
86 240 1
12 109 1
72 137 1
153 202 1
91 225 1
32 123 1
192 245 1
24 162 1
66 102 1
60 152 1
144 175 1
15 113 1
107 216 1
94 144 1
9 225 1
17 219 1
71 123 1
90 198 1
22 91 1
13 237 1
6 44 1
60 118 1
54 172 1
28 51 1
8 139 1
21 227 1
179 183 1
19 189 1
113 152 1
117 174 1
182 243 1
116 227 1
223 240 1
106 173 1
32 192 1
8 121 1
116 218 1
172 190 1
64 120 1
130 207 1
69 140 1
26 208 1
67 116 1
166 247 1
64 243 1
198 232 1
9 100 1
72 246 1
37 89 1
216 247 1
9 63 1
187 247 1
119 221 1
67 98 1
30 83 1
92 188 1
87 197 1
143 235 1
185 223 1
75 197 1
39 202 1
192 224 1
175 189 1
65 157 1
179 199 1
89 143 1
136 231 1
46 152 1
126 217 1
179 235 1
170 184 1
106 114 1
28 43 1
25 63 1
52 182 1
68 248 1
73 124 1
29 88 1
65 129 1
69 78 1
94 139 1
43 73 1
77 93 1
30 222 1
31 41 1
75 108 1
105 107 1
42 175 1
53 230 1
126 166 1
108 133 1
127 202 1
51 201 1
38 182 1
129 248 1
22 238 1
25 164 1
117 203 1
47 91 1
75 223 1
4 59 1
55 138 1
10 74 1
156 164 1
191 230 1
236 247 1
126 142 1
42 56 1
82 95 1
126 241 1
128 195 1
157 164 1
32 45 1
57 168 1
36 56 1
27 192 1
227 231 1
95 140 1
38 164 1
51 118 1
88 185 1
27 96 1
200 244 1
37 162 1
124 167 1
116 248 1
53 117 1
36 243 1
126 210 1
23 63 1
9 14 1
128 228 1
21 140 1
94 226 1
102 145 1
15 49 1
155 199 1
96 119 1
106 115 1
54 248 1
172 218 1
205 226 1
93 162 1
151 236 1
186 248 1
238 247 1
24 222 1
20 123 1
31 220 1
150 158 1
71 127 1
73 152 1
74 142 1
82 161 1
58 181 1
161 220 1
52 53 1
58 243 1
32 108 1
205 233 1
183 250 1
158 238 1
87 129 1
152 169 1
3 60 1
101 195 1
137 214 1
204 244 1
169 236 1
119 154 1
10 39 1
231 237 1
4 244 1
58 126 1
43 210 1
105 216 1
110 120 1
150 187 1
4 152 1
75 94 1
20 250 1
12 50 1
96 243 1
3 192 1
56 172 1
106 164 1
2 17 1
193 231 1
90 160 1
15 180 1
109 210 1
2 47 1
3 82 1
83 87 1
184 249 1
167 198 1
87 239 1
58 106 1
95 222 1
154 214 1
223 224 1
62 161 1
180 209 1
24 60 1
150 216 1
57 200 1
127 157 1
95 101 1
24 62 1
1 162 1
176 199 1
86 118 1
58 85 1
90 229 1
41 249 1
213 237 1
15 67 1
54 191 1
15 209 1
80 196 1
20 245 1
108 194 1
88 149 1
138 170 1
61 230 1
214 217 1
114 136 1
129 139 1
63 214 1
125 178 1
22 105 1
68 175 1
94 99 1
111 231 1
80 185 1
79 237 1
1 197 1
189 201 1
64 124 1
100 189 1
3 249 1
102 222 1
34 196 1
58 100 1
3 58 1
116 232 1
68 236 1
62 77 1
37 41 1
88 219 1
43 115 1
23 181 1
225 244 1
174 201 1
167 195 1
28 62 1
108 109 1
3 123 1
6 122 1
78 179 1
34 87 1
52 86 1
146 189 1
46 84 1
99 109 1
3 5 1
10 224 1
55 63 1
48 219 1
161 194 1
66 69 1
62 187 1
10 33 1
37 80 1
157 187 1
91 208 1
2 106 1
60 62 1
63 94 1
122 210 1
12 129 1
62 232 1
140 155 1
19 158 1
82 174 1
23 200 1
213 235 1
108 204 1
35 186 1
27 249 1
35 146 1
107 131 1
37 203 1
199 236 1
50 75 1
115 241 1
76 116 1
92 172 1
50 217 1
18 39 1
24 116 1
150 226 1
79 128 1
15 237 1
35 51 1
60 119 1
22 30 1
40 109 1
35 210 1
53 118 1
101 246 1
162 170 1
138 166 1
45 153 1
62 72 1
19 142 1
43 64 1
133 172 1
50 151 1
140 189 1
141 194 1
37 78 1
76 197 1
48 81 1
125 153 1
10 228 1
2 150 1
18 85 1
26 222 1
9 217 1
75 179 1
150 157 1
177 218 1
64 71 1
110 144 1
118 162 1
46 120 1
107 158 1
122 223 1
23 144 1
61 154 1
164 248 1
101 102 1
50 127 1
9 140 1
32 173 1
74 86 1
37 59 1
56 128 1
174 199 1
23 103 1
69 117 1
4 44 1
206 237 1
17 213 1
123 160 1
82 186 1
35 173 1
220 242 1
14 215 1
38 204 1
44 72 1
54 218 1
158 179 1
51 240 1
48 82 1
148 217 1
7 229 1
57 84 1
194 213 1
98 202 1
174 218 1
58 74 1
172 201 1
21 190 1
146 183 1
15 110 1
150 244 1
53 128 1
123 246 1
119 185 1
44 165 1
13 201 1
1 139 1
7 90 1
47 222 1
95 232 1
125 217 1
95 129 1
116 162 1
50 147 1
142 194 1
113 141 1
56 220 1
9 172 1
3 226 1
3 196 1
140 237 1
77 140 1
115 224 1
28 203 1
96 167 1
51 136 1
57 182 1
83 86 1
26 191 1
145 184 1
150 191 1
10 209 1
201 244 1
75 206 1
60 238 1
65 149 1
63 147 1
69 221 1
1 179 1
104 227 1
172 224 1
8 234 1
64 198 1
45 235 1
74 151 1
158 162 1
159 170 1
161 191 1
192 227 1
76 221 1
3 237 1
48 146 1
62 154 1
7 56 1
191 204 1
58 70 1
61 125 1
89 158 1
30 78 1
68 84 1
90 106 1
90 96 1
38 161 1
115 145 1
10 184 1
66 151 1
158 241 1
55 250 1
70 235 1
98 244 1
174 183 1
158 164 1
52 63 1
63 172 1
69 175 1
126 184 1
224 241 1
158 191 1
138 191 1
50 85 1
145 222 1
27 198 1
56 173 1
70 181 1
45 141 1
29 231 1
58 78 1
24 197 1
73 84 1
90 208 1
16 49 1
17 187 1
68 87 1
122 219 1
117 122 1
161 177 1
46 131 1
153 214 1
40 99 1
220 248 1
128 205 1
143 204 1
189 195 1
20 242 1
135 201 1
239 248 1
217 220 1
14 48 1
2 218 1
59 61 1
11 21 1
65 93 1
168 218 1
192 219 1
133 165 1
98 167 1
33 155 1
65 143 1
74 168 1
180 244 1
70 102 1
55 180 1
105 213 1
108 186 1
8 129 1
3 227 1
54 236 1
70 209 1
57 114 1
121 149 1
26 184 1
139 214 1
98 176 1
70 204 1
177 211 1
236 240 1
194 218 1
118 220 1
195 202 1
68 71 1
104 157 1
25 49 1
103 202 1
44 123 1
157 186 1
153 195 1
16 150 1
130 131 1
112 195 1
204 233 1
93 161 1
72 129 1
37 54 1
12 222 1
15 98 1
42 105 1
147 157 1
108 120 1
66 210 1
136 235 1
30 239 1
28 205 1
103 131 1
183 244 1
151 213 1
129 216 1
5 186 1
83 141 1
24 164 1
186 210 1
114 175 1
53 228 1
61 237 1
152 173 1
206 208 1
170 212 1
81 172 1
16 21 1
7 224 1
10 247 1
158 193 1
8 110 1
10 227 1
32 129 1
94 117 1
106 233 1
42 70 1
68 192 1
224 235 1
19 233 1
60 83 1
45 183 1
66 159 1
76 160 1
127 238 1
134 195 1
57 77 1
41 160 1
43 93 1
136 250 1
172 232 1
48 51 1
78 207 1
100 163 1
172 193 1
23 58 1
157 203 1
67 95 1
36 169 1
150 166 1
10 38 1
207 209 1
26 99 1
5 21 1
120 198 1
55 190 1
61 85 1
116 209 1
39 128 1
128 185 1
107 123 1
142 244 1
101 168 1
167 171 1
44 133 1
113 228 1
92 138 1
138 156 1
19 210 1
7 83 1
183 185 1
54 231 1
48 174 1
85 95 1
129 224 1
96 184 1
88 138 1
123 232 1
38 118 1
184 215 1
104 233 1
29 225 1
119 171 1
60 144 1
16 203 1
101 248 1
83 210 1
112 243 1
65 243 1
193 208 1
128 223 1
88 222 1
13 212 1
66 238 1
63 165 1
120 235 1
165 246 1
62 244 1
71 161 1
46 149 1
28 174 1
3 244 1
52 71 1
157 217 1
18 248 1
24 84 1
79 88 1
222 228 1
145 152 1
175 194 1
13 173 1
71 82 1
66 190 1
172 180 1
32 230 1
136 176 1
17 145 1
139 168 1
1 56 1
11 239 1
64 216 1
53 229 1
5 60 1
186 201 1
8 182 1
76 94 1
74 89 1
44 184 1
17 210 1
11 87 1
74 200 1
24 220 1
66 172 1
158 237 1
72 74 1
9 232 1
234 243 1
29 219 1
45 179 1
36 207 1
32 171 1
79 123 1
146 165 1
141 171 1
15 181 1
107 141 1
5 141 1
144 198 1
73 80 1
15 226 1
30 84 1
95 104 1
189 205 1
62 167 1
189 246 1
52 118 1
16 250 1
128 151 1
57 64 1
1 85 1
32 40 1
87 124 1
197 226 1
123 138 1
67 223 1
107 179 1
57 149 1
47 231 1
69 110 1
65 77 1
152 210 1
37 160 1
94 137 1
140 184 1
194 204 1
46 246 1
21 52 1
26 38 1
102 200 1
225 231 1
170 223 1
46 95 1
40 245 1
15 71 1
71 158 1
157 198 1
42 212 1
9 236 1
32 161 1
4 87 1
164 166 1
64 152 1
14 22 1
2 12 1
11 140 1
51 95 1
116 213 1
137 171 1
67 185 1
135 238 1
93 113 1
112 219 1
25 45 1
87 99 1
79 140 1
82 204 1
129 239 1
156 208 1
115 218 1
136 150 1
80 240 1
22 134 1
43 142 1
81 155 1
21 86 1
68 114 1
106 193 1
111 159 1
78 132 1
14 114 1
35 124 1
137 225 1
115 226 1
45 159 1
46 134 1
32 112 1
28 42 1
3 194 1
163 250 1
142 165 1
152 194 1
4 71 1
44 181 1
39 99 1
130 154 1
140 223 1
152 181 1
10 13 1
139 154 1
69 240 1
46 164 1
92 106 1
15 120 1
112 163 1
24 133 1
12 164 1
177 205 1
26 236 1
4 155 1
1 118 1
116 185 1
18 89 1
146 227 1
74 150 1
58 153 1
60 121 1
6 205 1
184 194 1
160 192 1
197 230 1
75 126 1
78 86 1
29 111 1
111 238 1
40 151 1
2 113 1
55 232 1
155 190 1
119 198 1
202 246 1
106 214 1
29 232 1
30 184 1
54 188 1
71 80 1
114 140 1
21 243 1
122 196 1
154 248 1
6 168 1
62 241 1
74 165 1
21 199 1
61 69 1
5 38 1
140 153 1
28 76 1
38 224 1
21 24 1
228 233 1
18 61 1
170 200 1
50 219 1
16 151 1
54 162 1
116 121 1
156 173 1
43 88 1
86 241 1
58 72 1
37 207 1
36 50 1
100 126 1
211 221 1
27 35 1
97 132 1
220 225 1
13 221 1
7 118 1
99 124 1
94 96 1
149 171 1
68 149 1
40 77 1
98 235 1
48 117 1
162 245 1
72 96 1
61 217 1
127 164 1
187 225 1
231 247 1
171 204 1
226 245 1
25 248 1
10 99 1
91 162 1
44 108 1
134 202 1
99 218 1
63 197 1
118 231 1
80 172 1
26 113 1
88 202 1
37 170 1
44 143 1
102 178 1
44 79 1
131 199 1
60 79 1
142 216 1
116 177 1
183 248 1
13 154 1
9 146 1
121 146 1
138 164 1
75 97 1
31 193 1
21 55 1
75 188 1
12 242 1
69 229 1
10 103 1
29 114 1
39 64 1
169 185 1
111 131 1
21 203 1
104 219 1
132 145 1
99 157 1
125 225 1
55 164 1
23 49 1
214 250 1
20 202 1
209 246 1
47 87 1
17 55 1
178 250 1
235 245 1
59 82 1
54 187 1
58 168 1
51 68 1
22 146 1
99 136 1
106 118 1
39 96 1
135 153 1
31 222 1
93 193 1
27 170 1
52 196 1
33 186 1
38 127 1
64 201 1
73 176 1
64 199 1
43 220 1
65 133 1
84 209 1
154 182 1
83 245 1
128 222 1
67 158 1
76 132 1
5 111 1
131 184 1
109 126 1
62 203 1
30 105 1
6 86 1
200 210 1
72 91 1
6 162 1
86 109 1
76 171 1
60 123 1
64 167 1
48 110 1
131 235 1
74 167 1
5 104 1
53 60 1
135 138 1
219 221 1
100 109 1
80 182 1
104 114 1
112 127 1
49 159 1
85 233 1
50 116 1
14 149 1
117 229 1
175 205 1
45 82 1
98 223 1
6 79 1
91 125 1
124 238 1
5 247 1
132 139 1
73 209 1
41 144 1
105 142 1
54 63 1
7 148 1
125 138 1
20 117 1
197 248 1
120 243 1
40 250 1
27 59 1
2 16 1
178 211 1
206 239 1
9 111 1
59 248 1
74 135 1
119 224 1
121 147 1
245 247 1
58 111 1
65 207 1
108 227 1
25 225 1
161 192 1
39 120 1
1 226 1
111 157 1
8 138 1
115 132 1
95 111 1
2 164 1
104 199 1
211 245 1
44 222 1
90 200 1
37 127 1
32 100 1
38 149 1
122 241 1
15 94 1
155 236 1
19 42 1
2 247 1
79 206 1
91 122 1
122 174 1
46 100 1
84 235 1
95 209 1
46 47 1
136 162 1
42 162 1
103 137 1
236 249 1
125 193 1
11 202 1
47 180 1
35 66 1
57 80 1
13 18 1
15 231 1
38 146 1
9 123 1
47 75 1
199 206 1
182 211 1
5 30 1
62 100 1
32 118 1
104 135 1
66 243 1
23 66 1
4 86 1
3 26 1
74 170 1
115 171 1
82 136 1
47 163 1
17 109 1
60 207 1
14 139 1
157 174 1
75 191 1
55 133 1
83 109 1
37 234 1
17 176 1
122 154 1
87 88 1
21 139 1
69 194 1
126 240 1
173 176 1
149 207 1
88 132 1
112 143 1
76 159 1
119 205 1
103 121 1
14 220 1
44 92 1
151 237 1
10 179 1
112 145 1
174 223 1
75 147 1
59 84 1
126 135 1
67 127 1
27 116 1
9 102 1
12 121 1
55 147 1
21 216 1
106 126 1
70 173 1
175 221 1
99 239 1
16 107 1
13 142 1
76 106 1
176 210 1
83 190 1
160 190 1
57 78 1
11 98 1
109 238 1
68 168 1
153 157 1
20 25 1
27 43 1
50 106 1
111 232 1
6 94 1
120 226 1
19 168 1
79 92 1
101 123 1
14 236 1
181 184 1
54 237 1
48 217 1
93 94 1
98 215 1
149 169 1
134 209 1
52 172 1
181 243 1
44 231 1
58 140 1
60 232 1
21 220 1
214 232 1
52 76 1
66 160 1
13 215 1
177 243 1
69 206 1
98 207 1
60 97 1
109 168 1
60 99 1
23 113 1
58 221 1
161 218 1
36 51 1
4 217 1
54 219 1
132 152 1
147 199 1
52 169 1
52 249 1
88 147 1
23 57 1
164 236 1
117 226 1
142 224 1
52 84 1
84 128 1
117 152 1
180 218 1
113 164 1
199 238 1
13 232 1
135 221 1
95 200 1
36 219 1
30 92 1
69 155 1
4 178 1
136 196 1
92 101 1
2 202 1
13 131 1
37 181 1
127 213 1
68 112 1
85 155 1
27 106 1
77 242 1
49 136 1
210 222 1
70 113 1
13 127 1
142 148 1
68 123 1
98 227 1
103 159 1
66 103 1
191 211 1
178 198 1
63 168 1
132 248 1
38 86 1
17 175 1
97 125 1
21 118 1
191 221 1
87 97 1
161 247 1
129 163 1
133 187 1
80 227 1
19 216 1
41 52 1
63 204 1
50 192 1
151 247 1
69 75 1
63 242 1
42 87 1
11 170 1
215 217 1
92 182 1
33 145 1
4 230 1
34 41 1
56 82 1
96 99 1
82 173 1
60 233 1
163 245 1
91 147 1
23 189 1
41 49 1
94 205 1
100 217 1
4 20 1
207 242 1
146 207 1
42 213 1
73 215 1
48 191 1
51 192 1
94 121 1
164 229 1
216 237 1
68 94 1
39 164 1
77 250 1
13 184 1
151 156 1
68 105 1
24 48 1
191 231 1
23 78 1
11 249 1
94 203 1
33 158 1
58 99 1
55 199 1
10 149 1
155 216 1
55 98 1
90 170 1
2 205 1
29 70 1
195 227 1
115 220 1
78 185 1
54 129 1
61 91 1
6 142 1
57 186 1
59 196 1
6 36 1
7 219 1
116 160 1
177 214 1
39 51 1
35 102 1
151 192 1
58 88 1
80 167 1
22 58 1
113 236 1
97 142 1
88 162 1
179 246 1
33 136 1
104 190 1
138 185 1
92 198 1
1 39 1
46 124 1
27 65 1
24 65 1
119 179 1
133 159 1
67 250 1
69 218 1
144 225 1
183 217 1
196 214 1
2 67 1
17 160 1
26 41 1
98 110 1
160 220 1
143 234 1
165 202 1
33 227 1
13 86 1
46 55 1
44 121 1
132 212 1
210 245 1
9 164 1
10 162 1
124 161 1
133 170 1
23 205 1
49 207 1
117 176 1
152 176 1
17 108 1
17 164 1
34 227 1
209 225 1
114 182 1
69 210 1
134 168 1
33 52 1
32 213 1
112 138 1
5 135 1
61 248 1
233 235 1
138 171 1
43 129 1
197 225 1
27 130 1
180 196 1
115 131 1
116 175 1
100 212 1
174 226 1
13 176 1
77 169 1
4 197 1
173 226 1
15 138 1
87 231 1
42 119 1
124 158 1
176 242 1
18 83 1
32 207 1
147 227 1
36 141 1
53 222 1
171 201 1
75 100 1
169 186 1
63 101 1
3 73 1
21 54 1
48 99 1
77 234 1
60 201 1
132 238 1
22 160 1
51 195 1
62 246 1
212 231 1
85 160 1
29 72 1
105 242 1
114 186 1
184 239 1
171 247 1
83 116 1
56 198 1
119 158 1
208 214 1
116 181 1
101 221 1
95 173 1
9 182 1
135 233 1
44 163 1
26 128 1
123 134 1
48 71 1
74 230 1
64 234 1
9 76 1
55 70 1
127 143 1
153 236 1
21 64 1
75 144 1
175 246 1
148 151 1
72 146 1
26 105 1
102 245 1
99 202 1
216 231 1
89 134 1
221 239 1
17 181 1
108 154 1
5 191 1
111 217 1
176 182 1
5 92 1
12 148 1
175 209 1
142 153 1
114 139 1
168 193 1
16 51 1
13 145 1
81 201 1
73 140 1
87 158 1
122 206 1
99 190 1
62 202 1
61 212 1
34 171 1
11 216 1
193 236 1
147 162 1
209 242 1
35 76 1
92 112 1
131 164 1
80 248 1
94 95 1
10 217 1
4 107 1
39 206 1
175 210 1
16 20 1
100 127 1
114 203 1
94 101 1
153 222 1
49 178 1
121 128 1
136 187 1
57 136 1
137 211 1
15 16 1
195 250 1
172 186 1
125 161 1
37 206 1
30 82 1
23 161 1
186 250 1
95 238 1
48 245 1
2 236 1
232 244 1
45 77 1
74 78 1
31 106 1
56 185 1
162 187 1
17 36 1
49 133 1
186 246 1
9 34 1
32 187 1
14 125 1
37 243 1
169 244 1
58 107 1
108 248 1
229 236 1
99 175 1
52 144 1
26 245 1
146 236 1
3 43 1
44 58 1
129 198 1
126 167 1
171 206 1
14 72 1
102 174 1
70 121 1
100 131 1
148 164 1
141 167 1
62 86 1
28 247 1
62 114 1
19 126 1
106 189 1
32 106 1
14 202 1
1 81 1
13 76 1
55 92 1
26 173 1
108 119 1
145 229 1
39 217 1
2 201 1
79 106 1
169 192 1
40 177 1
28 84 1
112 237 1
70 106 1
56 78 1
62 64 1
161 189 1
101 218 1
45 193 1
14 43 1
194 245 1
167 247 1
230 239 1
60 105 1
12 243 1
65 68 1
100 204 1
102 192 1
94 168 1
33 57 1
44 221 1
98 228 1
1 82 1
90 165 1
161 235 1
43 89 1
187 213 1
206 207 1
76 161 1
13 80 1
219 220 1
41 141 1
6 75 1
181 210 1
16 140 1
24 201 1
93 114 1
103 126 1
89 113 1
246 249 1
168 217 1
91 182 1
65 104 1
145 146 1
35 179 1
149 192 1
72 248 1
26 230 1
15 208 1
146 239 1
7 158 1
177 216 1
176 227 1
37 248 1
124 146 1
81 124 1
3 177 1
124 169 1
11 57 1
45 142 1
100 116 1
43 234 1
211 249 1
170 219 1
68 129 1
179 248 1
94 175 1
84 186 1
75 88 1
93 228 1
86 247 1
41 241 1
112 210 1
155 219 1
220 228 1
165 170 1
34 182 1
119 163 1
143 171 1
24 75 1
162 236 1
65 201 1
105 158 1
14 210 1
15 227 1
94 210 1
116 134 1
19 200 1
91 99 1
240 243 1
49 247 1
23 236 1
59 224 1
29 132 1
214 240 1
195 248 1
216 250 1
50 220 1
25 99 1
167 222 1
57 235 1
28 74 1
87 171 1
57 163 1
19 32 1
56 76 1
24 238 1
31 131 1
149 202 1
89 125 1
18 58 1
144 153 1
145 245 1
52 141 1
199 213 1
38 140 1
99 154 1
70 148 1
157 233 1
45 182 1
94 158 1
154 203 1
19 85 1
168 244 1
12 232 1
26 195 1
229 240 1
32 145 1
64 108 1
151 202 1
104 143 1
88 230 1
50 157 1
1 83 1
79 182 1
52 70 1
123 171 1
155 235 1
154 219 1
98 171 1
95 176 1
25 75 1
17 201 1
213 242 1
18 201 1
166 239 1
142 248 1
139 155 1
144 170 1
111 175 1
169 210 1
71 128 1
6 227 1
89 169 1
83 181 1
35 166 1
148 161 1
5 123 1
90 105 1
56 202 1
152 231 1
23 232 1
125 166 1
47 81 1
26 199 1
40 206 1
78 94 1
11 156 1
84 161 1
41 54 1
145 149 1
44 84 1
26 70 1
118 174 1
65 94 1
56 127 1
18 27 1
58 192 1
25 172 1
36 212 1
78 197 1
110 147 1
100 186 1
36 168 1
1 119 1
47 144 1
92 199 1
71 170 1
87 228 1
18 96 1
149 164 1
18 245 1
40 97 1
58 71 1
59 175 1
106 236 1
32 36 1
24 29 1
146 208 1
35 248 1
61 229 1
7 149 1
157 167 1
4 119 1
84 247 1
20 67 1
29 246 1
23 60 1
154 190 1
139 158 1
174 248 1
29 165 1
34 110 1
31 107 1
183 233 1
14 30 1
131 214 1
19 183 1
157 246 1
111 148 1
193 232 1
17 178 1
33 100 1
84 172 1
48 78 1
67 88 1
129 131 1
99 204 1
182 216 1
175 202 1
170 237 1
76 142 1
69 96 1
72 224 1
124 141 1
103 140 1
99 208 1
43 250 1
135 164 1
131 148 1
14 56 1
60 183 1
51 223 1
45 208 1
55 91 1
15 41 1
6 149 1
53 196 1
20 162 1
141 208 1
4 60 1
21 85 1
48 128 1
20 56 1
173 188 1
62 139 1
69 161 1
42 194 1
173 177 1
198 233 1
46 117 1
197 212 1
75 148 1
80 122 1
139 190 1
21 237 1
63 70 1
82 200 1
11 217 1
51 161 1
17 53 1
118 128 1
143 160 1
32 200 1
79 190 1
70 118 1
113 136 1
117 242 1
59 67 1
57 76 1
181 221 1
63 141 1
107 231 1
156 237 1
76 226 1
63 217 1
109 150 1
31 116 1
172 226 1
18 231 1
23 210 1
56 240 1
79 81 1
80 101 1
141 231 1
61 151 1
228 229 1
49 177 1
48 61 1
180 230 1
115 154 1
139 172 1
10 164 1
129 137 1
48 118 1
179 242 1
66 140 1
111 193 1
28 210 1
13 17 1
142 188 1
36 114 1
116 159 1
133 188 1
196 211 1
55 86 1
102 169 1
145 201 1
223 250 1
119 190 1
124 187 1
31 174 1
109 215 1
77 119 1
44 240 1
67 113 1
76 211 1
120 163 1
141 195 1
85 180 1
190 246 1
141 180 1
146 194 1
153 238 1
223 249 1
56 239 1
84 117 1
93 122 1
32 236 1
137 226 1
5 56 1
56 113 1
183 249 1
20 148 1
72 178 1
19 114 1
46 115 1
103 236 1
47 84 1
48 184 1
18 50 1
91 156 1
28 103 1
18 86 1
215 241 1
55 154 1
81 234 1
33 38 1
56 134 1
79 236 1
156 243 1
108 243 1
18 79 1
166 205 1
82 168 1
32 70 1
44 55 1
11 174 1
140 163 1
33 47 1
7 93 1
39 250 1
134 210 1
85 185 1
196 243 1
169 182 1
26 43 1
47 109 1
97 232 1
144 212 1
106 162 1
36 205 1
101 171 1
42 60 1
38 62 1
10 90 1
35 226 1
120 229 1
48 138 1
4 216 1
105 147 1
101 147 1
59 70 1
105 162 1
77 219 1
93 233 1
103 169 1
125 230 1
71 162 1
29 71 1
26 139 1
230 231 1
28 191 1
129 161 1
79 136 1
68 107 1
61 225 1
7 137 1
34 204 1
214 243 1
110 206 1
8 28 1
38 239 1
39 88 1
127 236 1
53 184 1
3 91 1
79 134 1
64 92 1
23 134 1
70 233 1
67 198 1
4 172 1
15 150 1
4 124 1
102 180 1
89 154 1
25 159 1
118 150 1
77 97 1
140 229 1
2 208 1
10 88 1
135 154 1
9 129 1
150 211 1
30 120 1
24 94 1
179 204 1
92 140 1
127 177 1
75 121 1
76 233 1
49 165 1
109 247 1
62 186 1
7 58 1
70 145 1
23 154 1
198 239 1
62 201 1
137 219 1
43 145 1
217 225 1
16 36 1
82 224 1
123 176 1
132 186 1
162 194 1
203 238 1
55 146 1
42 211 1
102 173 1
197 250 1
81 135 1
192 249 1
203 240 1
109 114 1
173 235 1
213 249 1
196 231 1
17 38 1
58 225 1
24 151 1
92 210 1
163 224 1
191 219 1
146 249 1
168 216 1
31 148 1
39 145 1
60 150 1
125 186 1
87 116 1
85 122 1
81 127 1
16 161 1
11 40 1
40 80 1
106 175 1
71 217 1
137 150 1
78 228 1
23 141 1
44 248 1
21 234 1
7 52 1
135 168 1
7 211 1
119 126 1
56 210 1
163 234 1
88 208 1
39 233 1
93 207 1
123 200 1
161 198 1
4 89 1
8 225 1
108 187 1
145 150 1
19 99 1
166 235 1
15 170 1
76 153 1
56 105 1
162 233 1
42 49 1
9 90 1
24 188 1
67 109 1
81 225 1
23 29 1
83 187 1
91 216 1
21 59 1
105 201 1
160 181 1
106 166 1
145 233 1
23 132 1
5 218 1
42 190 1
39 131 1
132 140 1
126 138 1
30 182 1
45 243 1
111 136 1
22 59 1
19 161 1
2 151 1
126 179 1
55 105 1
44 101 1
8 199 1
51 103 1
29 189 1
138 169 1
117 222 1
22 32 1
188 241 1
30 61 1
47 230 1
247 248 1
63 106 1
38 71 1
75 86 1
8 168 1
97 199 1
15 92 1
147 152 1
229 238 1
158 198 1
24 178 1
38 172 1
173 240 1
201 219 1
95 174 1
1 7 1
20 184 1
70 114 1
188 215 1
195 201 1
39 207 1
80 87 1
20 247 1
7 234 1
57 96 1
60 218 1
96 162 1
71 201 1
34 212 1
78 176 1
116 120 1
60 113 1
44 185 1
137 204 1
129 214 1
35 132 1
130 163 1
227 248 1
190 194 1
140 159 1
96 229 1
99 108 1
70 83 1
140 175 1
115 152 1
203 205 1
36 193 1
171 243 1
129 136 1
191 233 1
137 228 1
4 145 1
88 216 1
8 66 1
24 111 1
6 31 1
71 142 1
82 189 1
166 204 1
20 41 1
110 116 1
223 228 1
18 198 1
15 152 1
209 249 1
42 152 1
39 124 1
26 235 1
32 239 1
222 245 1
128 166 1
158 214 1
75 163 1
52 83 1
181 209 1
212 222 1
39 246 1
52 207 1
21 144 1
145 216 1
91 206 1
98 164 1
6 43 1
49 224 1
191 218 1
28 238 1
79 105 1
21 165 1
12 95 1
44 100 1
118 130 1
114 148 1
13 101 1
54 194 1
64 178 1
21 115 1
19 191 1
40 74 1
146 157 1
133 221 1
16 199 1
71 129 1
75 77 1
74 237 1
165 235 1
140 165 1
136 221 1
88 244 1
6 10 1
10 104 1
166 175 1
91 111 1
16 63 1
65 177 1
157 244 1
51 71 1
12 162 1
150 184 1
67 162 1
77 141 1
79 122 1
180 198 1
155 223 1
126 197 1
223 236 1
77 191 1
125 226 1
229 245 1
49 70 1
119 250 1
173 198 1
11 103 1
113 122 1
183 241 1
137 169 1
155 158 1
45 51 1
2 23 1
27 86 1
181 246 1
141 234 1
3 236 1
79 177 1
26 146 1
95 110 1
3 133 1
19 196 1
114 239 1
28 40 1
189 193 1
113 221 1
25 244 1
68 126 1
34 140 1
55 158 1
129 230 1
126 229 1
25 163 1
88 137 1
96 168 1
12 233 1
43 154 1
17 21 1
31 47 1
160 216 1
73 195 1
32 67 1
48 169 1
99 189 1
87 179 1
10 35 1
113 117 1
6 176 1
21 208 1
68 159 1
16 30 1
25 242 1
19 170 1
124 249 1
51 83 1
46 192 1
34 193 1
51 100 1
54 92 1
41 77 1
196 234 1
145 173 1
111 201 1
39 189 1
87 209 1
96 120 1
61 89 1
38 189 1
211 233 1
174 187 1
73 100 1
109 167 1
100 219 1
43 214 1
174 215 1
73 240 1
61 134 1
40 221 1
69 242 1
49 168 1
13 55 1
131 205 1
49 58 1
130 134 1
147 173 1
64 98 1
97 250 1
59 181 1
173 219 1
177 231 1
237 245 1
106 107 1
135 202 1
144 186 1
108 235 1
45 166 1
113 216 1
205 225 1
4 93 1
118 149 1
121 239 1
163 244 1
192 215 1
93 208 1
12 45 1
40 131 1
195 211 1
158 239 1
12 200 1
88 163 1
80 231 1
69 215 1
93 195 1
54 197 1
115 170 1
82 134 1
38 110 1
19 147 1
75 87 1
163 178 1
73 177 1
1 157 1
28 167 1
31 93 1
168 196 1
63 182 1
75 238 1
51 135 1
118 200 1
216 224 1
83 89 1
8 81 1
232 243 1
200 224 1
106 125 1
59 250 1
12 225 1
65 192 1
58 91 1
103 179 1
97 102 1
92 137 1
191 217 1
100 221 1
60 212 1
64 102 1
132 153 1
4 130 1
183 197 1
10 123 1
69 134 1
100 244 1
11 65 1
147 236 1
137 183 1
48 94 1
30 131 1
125 169 1
44 116 1
167 226 1
178 208 1
205 211 1
175 244 1
12 182 1
1 89 1
133 227 1
123 231 1
13 35 1
88 99 1
53 96 1
84 229 1
20 64 1
31 76 1
225 237 1
176 218 1
58 149 1
47 111 1
103 122 1
165 237 1
23 142 1
94 120 1
35 199 1
63 71 1
83 142 1
156 203 1
230 245 1
74 134 1
132 175 1
35 174 1
46 232 1
9 222 1
23 175 1
13 67 1
64 88 1
49 113 1
27 31 1
26 158 1
164 194 1
19 129 1
70 73 1
45 128 1
11 244 1
230 247 1
35 36 1
187 222 1
4 249 1
15 24 1
60 61 1
20 94 1
35 93 1
11 175 1
88 247 1
30 69 1
19 134 1
102 175 1
105 214 1
4 214 1
81 182 1
6 154 1
34 49 1
114 248 1
63 210 1
126 219 1
16 29 1
153 171 1
150 220 1
171 244 1
34 121 1
39 41 1
79 85 1
139 150 1
35 244 1
129 148 1
53 142 1
15 63 1
39 155 1
2 49 1
106 136 1
82 196 1
86 110 1
19 185 1
160 206 1
98 166 1
168 232 1
28 213 1
211 226 1
131 163 1
163 243 1
30 87 1
48 116 1
187 214 1
19 67 1
181 230 1
19 136 1
151 182 1
46 74 1
48 130 1
130 176 1
188 201 1
97 230 1
65 158 1
83 132 1
10 61 1
45 229 1
203 226 1
61 153 1
28 131 1
41 133 1
110 132 1
200 241 1
135 169 1
90 143 1
111 188 1
103 119 1
20 213 1
61 136 1
149 152 1
235 238 1
97 203 1
112 114 1
20 68 1
71 146 1
159 250 1
18 95 1
31 210 1
136 237 1
212 223 1
177 208 1
13 122 1
82 100 1
12 106 1
79 235 1
109 133 1
35 149 1
61 79 1
147 215 1
30 179 1
17 135 1
70 165 1
63 118 1
133 209 1
6 116 1
18 162 1
117 119 1
38 44 1
224 250 1
40 172 1
193 209 1
142 212 1
217 218 1
24 134 1
129 209 1
82 127 1
27 60 1
43 212 1
27 146 1
27 149 1
18 19 1
204 220 1
71 229 1
46 173 1
43 238 1
22 152 1
32 88 1
167 170 1
152 242 1
170 182 1
80 249 1
49 118 1
132 185 1
1 221 1
180 210 1
51 212 1
55 125 1
50 135 1
185 219 1
95 145 1
83 179 1
140 227 1
97 99 1
15 85 1
63 198 1
76 90 1
217 246 1
156 185 1
66 164 1
149 183 1
21 30 1
63 179 1
82 178 1
144 191 1
13 141 1
182 194 1
62 103 1
9 169 1
63 80 1
74 224 1
25 193 1
29 151 1
92 124 1
56 197 1
169 237 1
126 235 1
33 70 1
25 101 1
148 242 1
117 196 1
117 151 1
75 173 1
38 76 1
84 248 1
101 213 1
155 193 1
114 187 1
127 228 1
114 156 1
54 239 1
59 125 1
140 182 1
157 189 1
66 179 1
132 182 1
16 198 1
126 143 1
123 219 1
15 179 1
97 224 1
170 240 1
108 177 1
131 190 1
32 169 1
60 129 1
141 241 1
10 239 1
11 75 1
90 243 1
28 217 1
106 153 1
105 173 1
2 83 1
26 58 1
58 108 1
43 242 1
29 116 1
152 157 1
82 231 1
13 179 1
71 237 1
23 131 1
21 164 1
