86472
83131
43033
12063
33090
14997
94215
30482
47597
51672
17442
46782
21680
18420
35622
97964
74329
39610
46945
56803
36187
23799
6195
69602
69413
81716
13856
79056
20865
14297
62104
99920
28526
15433
22821
12237
47923
24451
93889
55006
52640
11820
94867
30808
98453
91444
75307
69276
40588
70743
51020
49227
10720
86391
68950
83946
96171
30966
2935
4728
83620
26244
41729
91770
50042
95519
54117
71069
87562
77589
58029
43685
7336
92748
27059
94541
68624
87858
69113
29993
93563
75144
22658
64223
5380
1
26733
3587
82479
17977
76122
96008
95845
22191
96342
43196
30156
2579
23147
24940
45231
67646
7124
46293
55210
37817
54783
55421
89746
36350
53791
42870
88999
99268
81759
64875
77453
74818
86615
72210
2283
37165
88673
57214
59496
76774
98127
14182
82757
47760
90140
22984
36839
49390
16790
82316
27383
81664
37002
11737
83661
29504
48901
32927
61452
6521
14019
95395
87020
66831
5869
96660
74166
14538
3424
3261
66342
64386
14671
76285
